# Array shape: (10, 5, 5)
4.53    0.00    0.00    0.00    0.00   
0.00    4.53    0.00    0.00    0.00   
0.00    0.00    4.53    0.00    0.00   
0.00    0.00    0.00    4.53    0.00   
0.00    0.00    0.00    0.00    4.53   
# New slice
52.00   0.00    0.00    0.00    0.00   
0.00    52.00   0.00    0.00    0.00   
0.00    0.00    52.00   0.00    0.00   
0.00    0.00    0.00    52.00   0.00   
0.00    0.00    0.00    0.00    52.00  
# New slice
58.11   0.00    0.00    0.00    0.00   
0.00    58.11   0.00    0.00    0.00   
0.00    0.00    58.11   0.00    0.00   
0.00    0.00    0.00    58.11   0.00   
0.00    0.00    0.00    0.00    58.11  
# New slice
44.93   0.00    0.00    0.00    0.00   
0.00    44.93   0.00    0.00    0.00   
0.00    0.00    44.93   0.00    0.00   
0.00    0.00    0.00    44.93   0.00   
0.00    0.00    0.00    0.00    44.93  
# New slice
38.13   0.00    0.00    0.00    0.00   
0.00    38.13   0.00    0.00    0.00   
0.00    0.00    38.13   0.00    0.00   
0.00    0.00    0.00    38.13   0.00   
0.00    0.00    0.00    0.00    38.13  
# New slice
79.44   0.00    0.00    0.00    0.00   
0.00    79.44   0.00    0.00    0.00   
0.00    0.00    79.44   0.00    0.00   
0.00    0.00    0.00    79.44   0.00   
0.00    0.00    0.00    0.00    79.44  
# New slice
62.06   0.00    0.00    0.00    0.00   
0.00    62.06   0.00    0.00    0.00   
0.00    0.00    62.06   0.00    0.00   
0.00    0.00    0.00    62.06   0.00   
0.00    0.00    0.00    0.00    62.06  
# New slice
44.77   0.00    0.00    0.00    0.00   
0.00    44.77   0.00    0.00    0.00   
0.00    0.00    44.77   0.00    0.00   
0.00    0.00    0.00    44.77   0.00   
0.00    0.00    0.00    0.00    44.77  
# New slice
45.81   0.00    0.00    0.00    0.00   
0.00    45.81   0.00    0.00    0.00   
0.00    0.00    45.81   0.00    0.00   
0.00    0.00    0.00    45.81   0.00   
0.00    0.00    0.00    0.00    45.81  
# New slice
15.15   0.00    0.00    0.00    0.00   
0.00    15.15   0.00    0.00    0.00   
0.00    0.00    15.15   0.00    0.00   
0.00    0.00    0.00    15.15   0.00   
0.00    0.00    0.00    0.00    15.15  
# New slice
