# Array shape: (5, 5, 5)
89.13   0.00    0.00    0.00    0.00   
0.00    89.13   0.00    0.00    0.00   
0.00    0.00    89.13   0.00    0.00   
0.00    0.00    0.00    89.13   0.00   
0.00    0.00    0.00    0.00    89.13  
# New slice
74.05   0.00    0.00    0.00    0.00   
0.00    74.05   0.00    0.00    0.00   
0.00    0.00    74.05   0.00    0.00   
0.00    0.00    0.00    74.05   0.00   
0.00    0.00    0.00    0.00    74.05  
# New slice
37.75   0.00    0.00    0.00    0.00   
0.00    37.75   0.00    0.00    0.00   
0.00    0.00    37.75   0.00    0.00   
0.00    0.00    0.00    37.75   0.00   
0.00    0.00    0.00    0.00    37.75  
# New slice
51.86   0.00    0.00    0.00    0.00   
0.00    51.86   0.00    0.00    0.00   
0.00    0.00    51.86   0.00    0.00   
0.00    0.00    0.00    51.86   0.00   
0.00    0.00    0.00    0.00    51.86  
# New slice
63.21   0.00    0.00    0.00    0.00   
0.00    63.21   0.00    0.00    0.00   
0.00    0.00    63.21   0.00    0.00   
0.00    0.00    0.00    63.21   0.00   
0.00    0.00    0.00    0.00    63.21  
# New slice
