# Array shape: (2, 10, 10)
15.62   0.00    0.00    0.00    0.00    0.00    0.00    0.00    0.00    0.00   
0.00    15.62   0.00    0.00    0.00    0.00    0.00    0.00    0.00    0.00   
0.00    0.00    15.62   0.00    0.00    0.00    0.00    0.00    0.00    0.00   
0.00    0.00    0.00    15.62   0.00    0.00    0.00    0.00    0.00    0.00   
0.00    0.00    0.00    0.00    15.62   0.00    0.00    0.00    0.00    0.00   
0.00    0.00    0.00    0.00    0.00    15.62   0.00    0.00    0.00    0.00   
0.00    0.00    0.00    0.00    0.00    0.00    15.62   0.00    0.00    0.00   
0.00    0.00    0.00    0.00    0.00    0.00    0.00    15.62   0.00    0.00   
0.00    0.00    0.00    0.00    0.00    0.00    0.00    0.00    15.62   0.00   
0.00    0.00    0.00    0.00    0.00    0.00    0.00    0.00    0.00    15.62  
# New slice
40.95   0.00    0.00    0.00    0.00    0.00    0.00    0.00    0.00    0.00   
0.00    40.95   0.00    0.00    0.00    0.00    0.00    0.00    0.00    0.00   
0.00    0.00    40.95   0.00    0.00    0.00    0.00    0.00    0.00    0.00   
0.00    0.00    0.00    40.95   0.00    0.00    0.00    0.00    0.00    0.00   
0.00    0.00    0.00    0.00    40.95   0.00    0.00    0.00    0.00    0.00   
0.00    0.00    0.00    0.00    0.00    40.95   0.00    0.00    0.00    0.00   
0.00    0.00    0.00    0.00    0.00    0.00    40.95   0.00    0.00    0.00   
0.00    0.00    0.00    0.00    0.00    0.00    0.00    40.95   0.00    0.00   
0.00    0.00    0.00    0.00    0.00    0.00    0.00    0.00    40.95   0.00   
0.00    0.00    0.00    0.00    0.00    0.00    0.00    0.00    0.00    40.95  
# New slice
