# Array shape: (5, 10, 10)
8.86    0.00    0.00    0.00    0.00    0.00    0.00    0.00    0.00    0.00   
0.00    8.86    0.00    0.00    0.00    0.00    0.00    0.00    0.00    0.00   
0.00    0.00    8.86    0.00    0.00    0.00    0.00    0.00    0.00    0.00   
0.00    0.00    0.00    8.86    0.00    0.00    0.00    0.00    0.00    0.00   
0.00    0.00    0.00    0.00    8.86    0.00    0.00    0.00    0.00    0.00   
0.00    0.00    0.00    0.00    0.00    8.86    0.00    0.00    0.00    0.00   
0.00    0.00    0.00    0.00    0.00    0.00    8.86    0.00    0.00    0.00   
0.00    0.00    0.00    0.00    0.00    0.00    0.00    8.86    0.00    0.00   
0.00    0.00    0.00    0.00    0.00    0.00    0.00    0.00    8.86    0.00   
0.00    0.00    0.00    0.00    0.00    0.00    0.00    0.00    0.00    8.86   
# New slice
60.41   0.00    0.00    0.00    0.00    0.00    0.00    0.00    0.00    0.00   
0.00    60.41   0.00    0.00    0.00    0.00    0.00    0.00    0.00    0.00   
0.00    0.00    60.41   0.00    0.00    0.00    0.00    0.00    0.00    0.00   
0.00    0.00    0.00    60.41   0.00    0.00    0.00    0.00    0.00    0.00   
0.00    0.00    0.00    0.00    60.41   0.00    0.00    0.00    0.00    0.00   
0.00    0.00    0.00    0.00    0.00    60.41   0.00    0.00    0.00    0.00   
0.00    0.00    0.00    0.00    0.00    0.00    60.41   0.00    0.00    0.00   
0.00    0.00    0.00    0.00    0.00    0.00    0.00    60.41   0.00    0.00   
0.00    0.00    0.00    0.00    0.00    0.00    0.00    0.00    60.41   0.00   
0.00    0.00    0.00    0.00    0.00    0.00    0.00    0.00    0.00    60.41  
# New slice
45.29   0.00    0.00    0.00    0.00    0.00    0.00    0.00    0.00    0.00   
0.00    45.29   0.00    0.00    0.00    0.00    0.00    0.00    0.00    0.00   
0.00    0.00    45.29   0.00    0.00    0.00    0.00    0.00    0.00    0.00   
0.00    0.00    0.00    45.29   0.00    0.00    0.00    0.00    0.00    0.00   
0.00    0.00    0.00    0.00    45.29   0.00    0.00    0.00    0.00    0.00   
0.00    0.00    0.00    0.00    0.00    45.29   0.00    0.00    0.00    0.00   
0.00    0.00    0.00    0.00    0.00    0.00    45.29   0.00    0.00    0.00   
0.00    0.00    0.00    0.00    0.00    0.00    0.00    45.29   0.00    0.00   
0.00    0.00    0.00    0.00    0.00    0.00    0.00    0.00    45.29   0.00   
0.00    0.00    0.00    0.00    0.00    0.00    0.00    0.00    0.00    45.29  
# New slice
64.73   0.00    0.00    0.00    0.00    0.00    0.00    0.00    0.00    0.00   
0.00    64.73   0.00    0.00    0.00    0.00    0.00    0.00    0.00    0.00   
0.00    0.00    64.73   0.00    0.00    0.00    0.00    0.00    0.00    0.00   
0.00    0.00    0.00    64.73   0.00    0.00    0.00    0.00    0.00    0.00   
0.00    0.00    0.00    0.00    64.73   0.00    0.00    0.00    0.00    0.00   
0.00    0.00    0.00    0.00    0.00    64.73   0.00    0.00    0.00    0.00   
0.00    0.00    0.00    0.00    0.00    0.00    64.73   0.00    0.00    0.00   
0.00    0.00    0.00    0.00    0.00    0.00    0.00    64.73   0.00    0.00   
0.00    0.00    0.00    0.00    0.00    0.00    0.00    0.00    64.73   0.00   
0.00    0.00    0.00    0.00    0.00    0.00    0.00    0.00    0.00    64.73  
# New slice
65.15   0.00    0.00    0.00    0.00    0.00    0.00    0.00    0.00    0.00   
0.00    65.15   0.00    0.00    0.00    0.00    0.00    0.00    0.00    0.00   
0.00    0.00    65.15   0.00    0.00    0.00    0.00    0.00    0.00    0.00   
0.00    0.00    0.00    65.15   0.00    0.00    0.00    0.00    0.00    0.00   
0.00    0.00    0.00    0.00    65.15   0.00    0.00    0.00    0.00    0.00   
0.00    0.00    0.00    0.00    0.00    65.15   0.00    0.00    0.00    0.00   
0.00    0.00    0.00    0.00    0.00    0.00    65.15   0.00    0.00    0.00   
0.00    0.00    0.00    0.00    0.00    0.00    0.00    65.15   0.00    0.00   
0.00    0.00    0.00    0.00    0.00    0.00    0.00    0.00    65.15   0.00   
0.00    0.00    0.00    0.00    0.00    0.00    0.00    0.00    0.00    65.15  
# New slice
