# Array shape: (10, 10)
-3.23  
1.70   
6.68   
0.85   
10.38  
-3.82  
2.52   
-1.33  
-6.30  
4.79   
# New slice
-5.02  
-2.72  
-1.63  
-0.83  
-3.09  
-3.55  
-7.99  
-3.32  
3.10   
-2.57  
# New slice
-4.94  
-2.56  
-5.26  
0.72   
-1.58  
5.91   
6.64   
8.35   
-5.00  
4.56   
# New slice
1.77   
-5.02  
-0.98  
0.95   
-2.66  
-1.26  
0.39   
-2.28  
-2.10  
-3.93  
# New slice
-8.15  
-7.93  
-0.32  
-2.17  
-3.62  
-2.13  
6.71   
-4.54  
1.75   
-3.90  
# New slice
-4.39  
-5.11  
-0.86  
-3.83  
-3.56  
1.83   
4.34   
1.43   
-7.25  
4.07   
# New slice
3.06   
0.58   
-0.47  
-6.30  
-1.36  
-0.27  
-1.37  
1.71   
3.67   
-2.41  
# New slice
0.49   
0.28   
0.66   
-5.19  
5.25   
1.26   
3.94   
-1.36  
-5.35  
4.58   
# New slice
2.32   
6.59   
-6.16  
-0.94  
1.71   
-5.90  
-6.17  
-1.17  
-2.57  
3.00   
# New slice
-1.81  
-3.62  
-0.61  
2.59   
3.05   
-0.83  
15.26  
8.15   
4.98   
0.03   
# New slice
