# Array shape: (10, 10, 10)
61.49   0.00    0.00    0.00    0.00    0.00    0.00    0.00    0.00    0.00   
0.00    61.49   0.00    0.00    0.00    0.00    0.00    0.00    0.00    0.00   
0.00    0.00    61.49   0.00    0.00    0.00    0.00    0.00    0.00    0.00   
0.00    0.00    0.00    61.49   0.00    0.00    0.00    0.00    0.00    0.00   
0.00    0.00    0.00    0.00    61.49   0.00    0.00    0.00    0.00    0.00   
0.00    0.00    0.00    0.00    0.00    61.49   0.00    0.00    0.00    0.00   
0.00    0.00    0.00    0.00    0.00    0.00    61.49   0.00    0.00    0.00   
0.00    0.00    0.00    0.00    0.00    0.00    0.00    61.49   0.00    0.00   
0.00    0.00    0.00    0.00    0.00    0.00    0.00    0.00    61.49   0.00   
0.00    0.00    0.00    0.00    0.00    0.00    0.00    0.00    0.00    61.49  
# New slice
56.85   0.00    0.00    0.00    0.00    0.00    0.00    0.00    0.00    0.00   
0.00    56.85   0.00    0.00    0.00    0.00    0.00    0.00    0.00    0.00   
0.00    0.00    56.85   0.00    0.00    0.00    0.00    0.00    0.00    0.00   
0.00    0.00    0.00    56.85   0.00    0.00    0.00    0.00    0.00    0.00   
0.00    0.00    0.00    0.00    56.85   0.00    0.00    0.00    0.00    0.00   
0.00    0.00    0.00    0.00    0.00    56.85   0.00    0.00    0.00    0.00   
0.00    0.00    0.00    0.00    0.00    0.00    56.85   0.00    0.00    0.00   
0.00    0.00    0.00    0.00    0.00    0.00    0.00    56.85   0.00    0.00   
0.00    0.00    0.00    0.00    0.00    0.00    0.00    0.00    56.85   0.00   
0.00    0.00    0.00    0.00    0.00    0.00    0.00    0.00    0.00    56.85  
# New slice
19.40   0.00    0.00    0.00    0.00    0.00    0.00    0.00    0.00    0.00   
0.00    19.40   0.00    0.00    0.00    0.00    0.00    0.00    0.00    0.00   
0.00    0.00    19.40   0.00    0.00    0.00    0.00    0.00    0.00    0.00   
0.00    0.00    0.00    19.40   0.00    0.00    0.00    0.00    0.00    0.00   
0.00    0.00    0.00    0.00    19.40   0.00    0.00    0.00    0.00    0.00   
0.00    0.00    0.00    0.00    0.00    19.40   0.00    0.00    0.00    0.00   
0.00    0.00    0.00    0.00    0.00    0.00    19.40   0.00    0.00    0.00   
0.00    0.00    0.00    0.00    0.00    0.00    0.00    19.40   0.00    0.00   
0.00    0.00    0.00    0.00    0.00    0.00    0.00    0.00    19.40   0.00   
0.00    0.00    0.00    0.00    0.00    0.00    0.00    0.00    0.00    19.40  
# New slice
42.26   0.00    0.00    0.00    0.00    0.00    0.00    0.00    0.00    0.00   
0.00    42.26   0.00    0.00    0.00    0.00    0.00    0.00    0.00    0.00   
0.00    0.00    42.26   0.00    0.00    0.00    0.00    0.00    0.00    0.00   
0.00    0.00    0.00    42.26   0.00    0.00    0.00    0.00    0.00    0.00   
0.00    0.00    0.00    0.00    42.26   0.00    0.00    0.00    0.00    0.00   
0.00    0.00    0.00    0.00    0.00    42.26   0.00    0.00    0.00    0.00   
0.00    0.00    0.00    0.00    0.00    0.00    42.26   0.00    0.00    0.00   
0.00    0.00    0.00    0.00    0.00    0.00    0.00    42.26   0.00    0.00   
0.00    0.00    0.00    0.00    0.00    0.00    0.00    0.00    42.26   0.00   
0.00    0.00    0.00    0.00    0.00    0.00    0.00    0.00    0.00    42.26  
# New slice
29.47   0.00    0.00    0.00    0.00    0.00    0.00    0.00    0.00    0.00   
0.00    29.47   0.00    0.00    0.00    0.00    0.00    0.00    0.00    0.00   
0.00    0.00    29.47   0.00    0.00    0.00    0.00    0.00    0.00    0.00   
0.00    0.00    0.00    29.47   0.00    0.00    0.00    0.00    0.00    0.00   
0.00    0.00    0.00    0.00    29.47   0.00    0.00    0.00    0.00    0.00   
0.00    0.00    0.00    0.00    0.00    29.47   0.00    0.00    0.00    0.00   
0.00    0.00    0.00    0.00    0.00    0.00    29.47   0.00    0.00    0.00   
0.00    0.00    0.00    0.00    0.00    0.00    0.00    29.47   0.00    0.00   
0.00    0.00    0.00    0.00    0.00    0.00    0.00    0.00    29.47   0.00   
0.00    0.00    0.00    0.00    0.00    0.00    0.00    0.00    0.00    29.47  
# New slice
44.96   0.00    0.00    0.00    0.00    0.00    0.00    0.00    0.00    0.00   
0.00    44.96   0.00    0.00    0.00    0.00    0.00    0.00    0.00    0.00   
0.00    0.00    44.96   0.00    0.00    0.00    0.00    0.00    0.00    0.00   
0.00    0.00    0.00    44.96   0.00    0.00    0.00    0.00    0.00    0.00   
0.00    0.00    0.00    0.00    44.96   0.00    0.00    0.00    0.00    0.00   
0.00    0.00    0.00    0.00    0.00    44.96   0.00    0.00    0.00    0.00   
0.00    0.00    0.00    0.00    0.00    0.00    44.96   0.00    0.00    0.00   
0.00    0.00    0.00    0.00    0.00    0.00    0.00    44.96   0.00    0.00   
0.00    0.00    0.00    0.00    0.00    0.00    0.00    0.00    44.96   0.00   
0.00    0.00    0.00    0.00    0.00    0.00    0.00    0.00    0.00    44.96  
# New slice
32.86   0.00    0.00    0.00    0.00    0.00    0.00    0.00    0.00    0.00   
0.00    32.86   0.00    0.00    0.00    0.00    0.00    0.00    0.00    0.00   
0.00    0.00    32.86   0.00    0.00    0.00    0.00    0.00    0.00    0.00   
0.00    0.00    0.00    32.86   0.00    0.00    0.00    0.00    0.00    0.00   
0.00    0.00    0.00    0.00    32.86   0.00    0.00    0.00    0.00    0.00   
0.00    0.00    0.00    0.00    0.00    32.86   0.00    0.00    0.00    0.00   
0.00    0.00    0.00    0.00    0.00    0.00    32.86   0.00    0.00    0.00   
0.00    0.00    0.00    0.00    0.00    0.00    0.00    32.86   0.00    0.00   
0.00    0.00    0.00    0.00    0.00    0.00    0.00    0.00    32.86   0.00   
0.00    0.00    0.00    0.00    0.00    0.00    0.00    0.00    0.00    32.86  
# New slice
75.53   0.00    0.00    0.00    0.00    0.00    0.00    0.00    0.00    0.00   
0.00    75.53   0.00    0.00    0.00    0.00    0.00    0.00    0.00    0.00   
0.00    0.00    75.53   0.00    0.00    0.00    0.00    0.00    0.00    0.00   
0.00    0.00    0.00    75.53   0.00    0.00    0.00    0.00    0.00    0.00   
0.00    0.00    0.00    0.00    75.53   0.00    0.00    0.00    0.00    0.00   
0.00    0.00    0.00    0.00    0.00    75.53   0.00    0.00    0.00    0.00   
0.00    0.00    0.00    0.00    0.00    0.00    75.53   0.00    0.00    0.00   
0.00    0.00    0.00    0.00    0.00    0.00    0.00    75.53   0.00    0.00   
0.00    0.00    0.00    0.00    0.00    0.00    0.00    0.00    75.53   0.00   
0.00    0.00    0.00    0.00    0.00    0.00    0.00    0.00    0.00    75.53  
# New slice
13.30   0.00    0.00    0.00    0.00    0.00    0.00    0.00    0.00    0.00   
0.00    13.30   0.00    0.00    0.00    0.00    0.00    0.00    0.00    0.00   
0.00    0.00    13.30   0.00    0.00    0.00    0.00    0.00    0.00    0.00   
0.00    0.00    0.00    13.30   0.00    0.00    0.00    0.00    0.00    0.00   
0.00    0.00    0.00    0.00    13.30   0.00    0.00    0.00    0.00    0.00   
0.00    0.00    0.00    0.00    0.00    13.30   0.00    0.00    0.00    0.00   
0.00    0.00    0.00    0.00    0.00    0.00    13.30   0.00    0.00    0.00   
0.00    0.00    0.00    0.00    0.00    0.00    0.00    13.30   0.00    0.00   
0.00    0.00    0.00    0.00    0.00    0.00    0.00    0.00    13.30   0.00   
0.00    0.00    0.00    0.00    0.00    0.00    0.00    0.00    0.00    13.30  
# New slice
54.85   0.00    0.00    0.00    0.00    0.00    0.00    0.00    0.00    0.00   
0.00    54.85   0.00    0.00    0.00    0.00    0.00    0.00    0.00    0.00   
0.00    0.00    54.85   0.00    0.00    0.00    0.00    0.00    0.00    0.00   
0.00    0.00    0.00    54.85   0.00    0.00    0.00    0.00    0.00    0.00   
0.00    0.00    0.00    0.00    54.85   0.00    0.00    0.00    0.00    0.00   
0.00    0.00    0.00    0.00    0.00    54.85   0.00    0.00    0.00    0.00   
0.00    0.00    0.00    0.00    0.00    0.00    54.85   0.00    0.00    0.00   
0.00    0.00    0.00    0.00    0.00    0.00    0.00    54.85   0.00    0.00   
0.00    0.00    0.00    0.00    0.00    0.00    0.00    0.00    54.85   0.00   
0.00    0.00    0.00    0.00    0.00    0.00    0.00    0.00    0.00    54.85  
# New slice
