2 10 2
[[1.02109028 2.82212463]
 [0.5934544  0.77628007]]
[array([[1.82062138, 0.16577453],
       [0.16577453, 0.03756531]]), array([[0.60262237, 0.12783789],
       [0.12783789, 0.24911062]])]
[0.29993784332777584, 0.7000621566722243]
2 10 5
SOME ERROR OCCURED
2 10 10
SOME ERROR OCCURED
2 100 2
SOME ERROR OCCURED
2 100 5
[[-0.85659106 -0.49480187]
 [-1.06573481  0.71304516]
 [ 0.11602976 -0.6936267 ]
 [ 0.70549209  0.59800674]
 [ 0.67086948 -0.34627798]]
[array([[0.97205837, 0.30319238],
       [0.30319238, 0.18280667]]), array([[0.07061224, 0.04361827],
       [0.04361827, 0.53899344]]), array([[4.99699047e-05, 1.02033992e-03],
       [1.02033992e-03, 2.20450269e-01]]), array([[1.19877242e+00, 2.46519033e-33],
       [2.46519033e-33, 4.93038066e-32]]), array([[1.10933565e-31, 1.32503980e-32],
       [1.32503980e-32, 1.02009211e+00]])]
[0.09938290019177894, 0.0906431497018408, 0.20997395010638026, 0.4, 0.2]
2 100 10
SOME ERROR OCCURED
2 1000 2
[[ 0.14440185 -0.33452554]
 [ 4.28230609 -1.05944949]]
[array([[0.33487881, 0.00896909],
       [0.00896909, 0.18234954]]), array([[3.86541844e-29, 1.16120325e-30],
       [1.16120325e-30, 9.17767609e-01]])]
[0.5, 0.5]
2 1000 5
[[-0.14196974 -3.53045847]
 [-1.74711493  0.03193678]
 [-1.29785276 -2.09843797]
 [-1.39274976 -1.60687179]
 [-3.17899398 -2.41509258]]
[array([[0.99297637, 1.11494488],
       [1.11494488, 1.40354151]]), array([[ 1.20034033, -0.00161688],
       [-0.00161688,  0.0220981 ]]), array([[0.34374125, 0.3301553 ],
       [0.3301553 , 0.9762228 ]]), array([[ 0.70329856, -0.12366102],
       [-0.12366102,  0.36529797]]), array([[ 0.46445914, -0.01948351],
       [-0.01948351,  0.57675938]])]
[0.014365977136297052, 0.22609461052681445, 0.19084684161403723, 0.4765485383140088, 0.09214403240884214]
2 1000 10
[[-0.84376315  1.20980039]
 [ 1.12000627 -0.49516254]
 [-0.63175853  0.09033775]
 [-2.17860227 -0.63789083]
 [ 3.49005444 -1.19386539]
 [ 2.94282853  1.57207633]
 [ 2.3689287   0.35820157]
 [ 2.23340286 -1.46149336]
 [ 1.01046041  0.31882066]
 [-0.32700132 -1.14547822]]
[array([[1.03448651, 0.02197802],
       [0.02197802, 0.1228814 ]]), array([[ 1.46741873, -0.00598104],
       [-0.00598104,  0.09308168]]), array([[ 7.88860905e-31, -1.97215226e-33],
       [-1.97215226e-33,  1.11690580e+00]]), array([[ 1.00468776, -0.12444693],
       [-0.12444693,  0.19274293]]), array([[8.01824093e-01, 3.37731075e-30],
       [3.37731075e-30, 2.41588652e-30]]), array([[ 0.23939882, -0.03962463],
       [-0.03962463,  0.44895499]]), array([[ 1.03416325, -0.71442003],
       [-0.71442003,  0.56773177]]), array([[0.29447153, 0.05327115],
       [0.05327115, 0.54338757]]), array([[ 1.69640552, -0.11993324],
       [-0.11993324,  0.04122518]]), array([[ 1.65747408, -1.96790405],
       [-1.96790405,  2.34854311]])]
[0.02655523631229909, 0.13959998495339898, 0.1, 0.013232062017928295, 0.1, 0.1833276188023985, 0.04505100197618446, 0.1709537061413454, 0.20385768839999624, 0.017422701396448456]
5 10 2
SOME ERROR OCCURED
5 10 5

5 10 10
SOME ERROR OCCURED
5 100 2
SOME ERROR OCCURED
5 100 5
5 100 10
5 1000 2
SOME ERROR OCCURED
5 1000 5
5 1000 10
10 10 2
10 10 5
10 10 10
10 100 2
10 100 5
10 100 10
10 1000 2
10 1000 5
10 1000 10

