14.11   4.47    -8.49   11.80   13.04  
-9.59   -11.52  -13.22  2.46    10.62  
11.90   6.27    17.06   -3.83   12.11  
-9.95   -11.31  9.56    7.25    2.16   
-2.49   -7.59   4.87    3.87    7.32   
-4.91   -6.39   -2.76   16.08   2.63   
10.39   -3.65   -12.94  7.32    0.86   
-10.47  1.58    -7.29   -2.60   -8.03  
-6.86   -5.74   2.38    8.26    -3.52  
-16.94  1.00    15.39   -3.47   6.42   
-8.68   3.04    8.48    4.38    7.03   
2.98    9.23    -15.67  6.27    -8.57  
12.32   4.07    5.42    11.51   1.43   
1.61    10.48   -6.25   22.30   -5.03  
9.97    -1.42   -12.99  7.69    6.43   
1.07    -22.39  11.22   -1.38   1.94   
-2.90   1.86    0.76    -6.82   3.48   
-1.23   -9.47   -0.35   7.43    6.54   
-5.87   -11.17  12.65   -9.16   -8.81  
5.81    3.19    4.77    10.68   -2.63  
6.30    1.50    -1.65   5.26    3.30   
5.37    -13.27  12.00   11.74   5.76   
-3.22   1.82    -0.37   9.94    7.72   
-3.34   2.10    2.35    -8.37   12.76  
-8.61   -12.18  1.41    10.54   1.07   
7.73    15.73   -1.79   -22.46  -12.06 
-6.66   -1.12   -6.40   0.37    22.17  
-2.93   0.95    2.12    5.70    3.65   
1.08    4.72    -15.85  -10.01  5.52   
0.10    -4.46   4.21    7.94    -3.01  
0.66    5.06    20.59   1.50    -4.48  
-1.45   -1.11   8.01    -4.11   11.36  
-6.91   2.67    -0.23   -5.13   -9.75  
1.94    1.78    12.99   14.91   10.55  
-12.76  -13.11  -7.36   2.44    -3.77  
-3.13   3.93    0.04    15.67   3.65   
1.58    4.87    -0.38   15.21   2.31   
5.43    7.39    -1.33   9.58    1.18   
-0.23   -13.48  5.49    6.67    -7.09  
-2.55   20.84   -2.06   -0.10   16.49  
-3.16   0.57    -4.65   5.80    -5.63  
-8.14   8.84    8.07    -0.89   14.11  
-7.85   -6.20   -16.86  -4.54   1.56   
-1.62   -0.11   -8.05   3.62    -8.99  
-1.45   0.22    5.14    -7.69   -10.83 
1.53    -8.47   9.12    -18.68  -10.70 
-9.58   -17.52  -0.43   16.99   10.57  
11.82   0.03    -0.80   -7.77   -11.22 
-11.58  7.54    7.39    -21.30  -10.90 
-1.79   -6.53   13.41   6.64    -2.13  
-3.74   -3.97   2.50    0.47    1.30   
-5.48   7.85    19.45   9.38    5.66   
4.42    -0.16   10.08   1.11    6.31   
-17.00  0.40    -22.38  -3.86   -7.21  
-12.39  14.61   1.06    7.00    5.80   
-4.33   -3.55   2.39    -13.78  -0.59  
14.90   6.33    -14.14  -6.19   10.96  
0.57    -11.72  -13.77  6.29    -2.39  
-7.95   0.24    9.25    -8.13   6.97   
-8.10   4.32    -4.28   -0.43   -1.61  
-6.91   -10.56  -4.63   -0.79   -0.28  
-2.71   0.12    -0.26   -3.03   3.21   
-3.77   -6.48   -2.59   5.74    -4.52  
4.12    -0.31   -5.51   7.55    2.00   
-13.08  -13.14  0.18    0.24    -0.81  
-1.96   9.63    5.27    2.69    1.05   
1.43    -20.47  -4.46   11.23   -3.83  
-11.00  -11.92  -5.22   3.36    7.53   
8.19    -1.52   1.34    -8.72   -8.21  
1.05    -3.34   -0.54   14.23   7.88   
-3.52   -0.91   0.83    4.49    -6.64  
-0.64   -1.15   -4.88   -9.05   10.36  
4.93    -5.35   -13.75  18.29   7.34   
-3.67   -13.22  -2.82   -0.74   -5.50  
-8.78   -15.69  5.93    7.00    4.43   
-3.48   -12.01  -19.85  -11.37  -7.16  
-8.50   -9.58   -2.14   2.74    7.83   
-9.35   0.95    7.78    5.09    3.66   
-9.97   1.18    6.81    4.74    -8.62  
-5.18   -2.46   3.30    3.80    8.72   
-21.22  18.43   8.07    7.53    10.60  
5.52    -23.87  -2.39   7.48    -4.65  
6.90    -3.99   0.73    9.24    8.55   
-5.01   4.74    -18.30  -6.30   9.03   
13.44   7.95    18.88   7.45    -1.98  
11.39   18.05   4.27    2.98    2.73   
-4.73   -10.61  -6.96   1.92    -2.15  
-5.62   7.65    7.91    -0.95   -6.99  
-6.05   1.32    -3.89   -11.25  1.54   
10.03   7.78    5.31    4.69    -8.92  
-3.69   -4.71   -2.67   6.82    -6.90  
-13.62  -6.18   -5.35   6.68    -1.40  
2.92    -3.84   -2.35   13.08   -3.35  
4.49    -4.73   1.66    12.89   1.35   
-1.13   13.08   -1.12   8.62    4.23   
-5.57   19.10   -2.43   -15.53  3.84   
1.66    -5.82   10.85   1.25    -1.84  
-7.33   -1.21   1.17    5.53    -10.88 
-6.06   8.86    0.36    -0.99   -2.21  
15.52   -1.65   8.02    2.04    3.69   
-2.82   16.14   -3.82   -0.51   2.29   
-3.24   11.01   4.86    10.62   5.03   
0.01    -4.49   -5.46   8.00    -13.04 
-29.47  -13.02  -12.59  4.03    -5.44  
-8.94   -6.00   -4.31   -5.38   0.28   
-9.22   12.07   -14.26  -1.01   4.77   
-9.65   -5.44   10.90   -19.09  6.22   
-3.26   -8.87   -3.78   12.45   -7.20  
14.41   -1.18   7.53    -2.11   0.47   
-4.32   -3.53   3.93    6.39    -12.59 
-0.33   -6.82   10.74   6.68    -2.94  
-10.78  -0.50   -14.58  -4.33   -6.69  
-4.87   -1.40   -1.82   5.49    7.63   
0.58    -3.57   14.83   -12.47  3.23   
1.58    10.89   -0.35   0.97    -6.95  
-8.33   -5.92   15.85   0.40    3.86   
-4.08   6.54    -4.65   2.89    8.88   
1.46    3.82    0.59    8.44    7.74   
-5.75   2.41    10.09   -0.41   -10.05 
-13.75  21.90   -5.10   5.30    9.41   
2.54    -1.11   1.92    5.67    -6.53  
-6.80   3.96    2.62    -0.36   -2.78  
0.21    5.25    3.47    16.35   -2.24  
-5.17   -4.15   -10.06  11.36   11.14  
-7.97   0.29    2.26    -5.16   4.18   
-7.51   -10.91  -11.32  2.28    5.86   
0.47    -3.79   2.73    -7.01   -5.65  
13.19   -13.37  3.42    -4.80   14.28  
2.20    2.77    -2.94   -0.99   0.32   
-4.29   11.26   11.44   -1.60   -2.07  
0.53    2.10    -2.64   1.25    -3.34  
-16.55  -2.72   0.60    1.27    0.56   
-1.62   8.83    -10.27  -7.36   7.46   
-11.10  4.21    5.39    10.28   3.67   
-0.25   1.71    -6.52   13.15   -5.19  
-17.54  -9.37   -20.09  3.25    5.61   
0.33    -1.66   5.19    -5.91   -11.18 
3.49    -10.04  -7.22   10.25   -11.29 
-7.57   9.19    8.30    -8.84   -14.21 
-9.29   6.04    1.86    6.43    -5.90  
6.99    3.79    5.06    -2.08   -2.60  
-16.59  10.65   4.08    -4.96   -1.42  
5.03    -3.04   -2.87   5.31    -5.51  
3.98    -11.10  6.53    20.07   4.29   
3.76    -2.78   6.69    1.31    3.33   
-13.86  -1.23   -14.56  0.78    16.03  
2.59    9.25    -2.91   0.19    0.57   
6.56    7.56    -1.81   -1.57   -13.10 
-7.47   3.92    7.35    3.19    9.83   
-16.23  -8.55   -0.90   4.20    -11.35 
8.15    14.04   -13.62  -7.40   1.23   
-14.37  -7.58   -6.77   10.29   1.76   
-5.69   9.45    -11.49  3.07    12.31  
2.43    11.08   5.25    0.67    -15.08 
2.58    -16.05  -1.81   -3.66   1.70   
-8.67   -11.82  0.57    1.05    5.72   
-1.03   -0.01   -11.42  1.82    -5.99  
4.37    1.55    -17.01  5.14    5.52   
2.21    10.94   5.54    -4.75   11.10  
3.18    0.66    -0.52   3.46    -1.36  
-11.21  3.44    3.89    -0.96   13.02  
-5.62   2.05    -3.11   5.09    -1.43  
-11.46  0.31    -3.16   12.72   -0.63  
2.07    3.24    5.67    -1.38   11.65  
-10.55  11.69   -0.74   5.68    4.80   
-18.88  -3.64   10.84   6.85    -2.56  
-12.31  6.96    1.99    1.99    -2.14  
-3.99   5.95    -2.35   6.28    -11.30 
-0.13   6.24    13.20   3.55    -10.82 
6.19    -9.87   -0.13   20.77   -6.04  
-3.09   3.29    -5.18   15.42   12.57  
4.07    -4.57   -17.68  8.42    3.96   
-1.37   3.34    -4.06   0.22    10.34  
0.41    6.03    -14.27  6.11    -2.65  
-5.65   5.35    0.97    9.78    7.02   
8.76    -5.90   0.65    5.59    -1.67  
-20.19  -16.19  4.58    -4.81   -9.74  
8.06    10.06   11.83   1.90    -2.95  
3.33    -9.82   6.93    -8.75   7.63   
-3.95   -11.38  9.99    4.26    12.99  
8.80    4.08    7.79    -0.66   -1.77  
-0.04   -2.71   -2.23   15.57   -4.73  
16.04   6.46    -11.41  -3.67   -17.71 
2.70    4.38    -4.90   11.18   2.58   
-2.56   -2.20   -8.16   15.76   5.97   
-9.11   -13.25  1.53    9.19    -3.79  
-12.32  8.60    11.36   -8.25   -20.36 
-14.52  2.10    6.33    5.63    -1.02  
0.18    -13.72  -1.25   -4.23   6.94   
-6.33   -10.93  -12.76  -3.08   -0.76  
-12.46  -6.58   -12.88  0.91    -2.41  
1.02    -0.21   -9.83   12.48   10.19  
-3.81   -10.11  -11.52  4.23    8.88   
-12.41  -2.88   -10.83  -1.66   -7.31  
-1.87   20.91   1.50    8.78    0.89   
-4.69   -0.74   -1.55   -4.59   -4.34  
-4.74   -2.23   -4.08   -1.93   -8.45  
-0.34   -10.70  -6.94   2.00    -10.56 
-2.76   6.23    -11.51  1.88    4.24   
-11.99  -4.00   -16.16  11.92   14.64  
-11.60  7.33    -15.64  0.76    8.96   
4.63    -4.31   11.30   0.05    4.19   
-21.31  15.36   -7.54   0.49    11.97  
-0.93   -2.68   6.40    3.91    -1.92  
0.98    3.06    -4.26   1.27    -9.40  
-17.60  -15.70  -2.28   6.11    -3.97  
-2.81   -11.96  -13.48  6.90    1.76   
-4.29   -18.31  8.03    -9.18   -13.33 
4.00    10.66   -1.86   7.13    -1.21  
7.37    -4.55   -3.42   14.17   -0.09  
3.15    -7.43   -8.00   15.01   -9.44  
4.15    12.89   -10.96  16.41   3.67   
-8.00   8.50    10.07   3.11    -3.87  
3.54    -12.13  11.49   -3.09   -5.86  
-16.00  -1.99   -0.28   3.80    -2.62  
-11.18  3.16    14.56   1.53    6.05   
-6.22   -9.56   -7.22   2.14    -3.35  
-14.17  -8.44   -10.31  2.24    -1.65  
-10.58  -13.10  3.57    21.65   8.58   
10.41   0.09    3.76    -8.41   1.48   
9.72    -6.34   -13.76  15.70   8.61   
-1.26   13.64   6.95    -3.90   13.20  
-1.40   3.46    -2.46   -0.05   -1.32  
7.47    5.21    -5.02   4.36    -5.73  
7.28    5.61    -2.88   4.63    8.21   
3.51    13.76   -16.06  12.97   7.54   
-10.18  -16.27  10.71   6.30    16.49  
-4.18   -3.63   -3.74   2.42    -18.53 
5.63    -9.81   -2.58   -2.91   8.61   
0.43    6.34    8.02    1.52    2.29   
2.52    -1.75   -11.41  8.96    10.15  
-11.01  -2.78   -5.58   9.53    12.65  
11.65   -4.73   0.37    3.65    17.40  
-2.51   -6.05   -0.62   6.28    -5.36  
-9.83   4.21    -7.26   7.42    8.56   
-5.79   11.11   0.31    12.19   -1.14  
-5.40   -4.41   2.58    -4.55   -9.78  
-8.51   -3.62   -9.39   14.43   5.36   
-1.08   -12.59  -6.05   -2.23   4.89   
-12.88  -3.90   -1.79   5.19    -6.30  
-19.97  -7.13   -9.11   1.38    -6.72  
8.13    -1.65   13.54   0.95    -10.81 
6.30    -0.28   18.33   20.25   1.75   
-17.56  -4.97   -18.69  -14.44  5.34   
14.91   -1.00   14.81   -17.04  -4.49  
-3.92   -3.60   -10.31  2.38    6.79   
-2.22   -4.27   -3.22   0.68    7.25   
5.44    8.87    8.14    7.70    6.27   
3.58    -4.13   -6.64   8.70    -1.07  
-2.36   7.96    17.89   -4.62   4.35   
-17.13  6.28    -5.33   -0.49   -1.54  
-11.25  -9.76   -4.59   6.58    4.34   
4.48    -6.88   -12.03  -3.67   -1.44  
-14.86  10.77   0.44    -5.31   -5.18  
2.52    8.15    2.65    3.41    -10.94 
5.51    3.44    2.97    9.33    -8.08  
-7.81   -7.85   -12.43  -4.13   -7.35  
-5.40   -12.98  8.27    2.83    -1.53  
-9.79   -5.89   11.93   4.69    -6.43  
-6.83   -3.93   -5.70   11.58   -2.75  
1.65    4.01    2.25    12.10   -6.83  
-15.74  -4.44   7.54    2.50    0.10   
-13.69  -4.48   2.17    3.27    2.69   
1.08    4.39    -2.19   14.24   -0.19  
10.73   -5.67   6.92    -6.66   1.06   
0.93    -3.03   -1.03   8.05    4.15   
-0.88   -6.14   13.21   2.21    -5.85  
1.93    -5.78   -9.37   1.71    -4.21  
8.55    -0.05   4.31    2.28    -5.94  
-4.67   -11.01  -5.35   11.26   -6.05  
-6.20   -1.74   -8.84   7.15    -0.56  
1.99    -5.14   9.49    5.73    -5.85  
-15.13  -5.35   -2.45   6.20    20.42  
2.10    1.30    -1.97   6.82    -0.19  
-8.48   -1.89   -14.63  20.88   8.78   
4.99    -3.68   8.76    4.61    2.35   
-8.91   6.32    2.77    6.99    5.07   
-6.45   3.95    2.11    -6.01   -7.12  
5.01    -5.48   -8.85   -1.55   -15.97 
2.26    13.37   13.70   5.31    -9.04  
-19.35  6.66    -12.88  -2.80   -0.48  
3.35    -8.11   11.15   17.17   1.49   
-6.22   -2.10   1.23    10.73   -3.40  
-5.49   -4.97   5.36    0.77    3.93   
-8.27   -7.86   9.18    -3.79   -11.04 
-3.54   -0.80   -13.11  10.53   3.78   
6.14    -11.60  -17.17  -4.07   -20.95 
-8.81   -4.98   -10.54  10.89   6.95   
8.12    -16.78  -7.19   14.18   10.33  
0.17    1.03    -4.99   5.94    3.90   
3.21    -12.83  -11.92  -1.43   -1.98  
-5.76   -19.16  -11.12  4.36    -5.35  
1.70    5.66    -2.41   7.93    -1.13  
-14.49  -5.26   -16.85  8.76    5.18   
-5.34   -9.76   -14.57  2.17    -8.76  
-4.56   -3.47   -12.70  5.79    -2.74  
-3.77   3.83    -13.92  9.83    0.82   
-2.66   -1.88   1.07    7.57    8.11   
-9.04   4.70    1.29    10.56   -5.57  
-9.74   -4.84   -1.75   17.53   -0.31  
10.32   -3.58   -7.93   31.71   6.02   
4.63    -4.48   -1.34   9.79    -1.14  
1.82    -3.46   -1.93   -0.51   -6.09  
-2.72   4.49    1.53    20.78   -5.50  
-16.59  2.25    3.60    8.00    -16.18 
-9.69   -2.37   0.69    -7.54   6.81   
-0.30   9.09    -0.17   4.29    -6.82  
-9.65   -1.00   -2.28   5.41    13.07  
-12.06  1.69    -2.25   0.67    10.35  
-3.94   6.99    -5.99   -1.70   8.12   
10.38   3.95    7.05    10.07   -9.64  
-3.08   8.58    -7.26   2.26    2.41   
20.89   8.85    10.64   -1.32   2.19   
-12.73  4.86    15.30   5.71    -2.65  
6.34    7.03    -6.51   -14.86  9.12   
-4.19   2.58    10.97   10.62   -3.25  
-9.85   0.75    11.84   2.78    -3.57  
9.43    -1.51   9.63    12.71   -0.60  
-2.96   -3.74   -5.70   14.18   -6.19  
15.29   -10.69  -6.34   4.38    2.17   
1.29    -2.95   -0.71   2.82    -1.41  
7.44    9.20    5.39    1.80    -3.58  
-3.23   4.71    -16.74  -1.63   9.40   
4.00    0.54    0.11    -3.50   0.35   
-2.86   -3.16   6.06    -2.27   -2.56  
-2.71   0.74    4.37    -1.94   -3.40  
-0.18   6.56    4.53    9.96    3.01   
-8.75   -4.61   -10.93  9.52    -0.86  
2.15    5.95    9.91    -6.18   6.99   
-2.45   5.12    -9.52   9.32    -6.60  
-8.46   -12.10  -21.28  -7.77   -2.35  
4.05    7.12    12.61   5.83    12.68  
6.54    3.75    19.72   -3.79   -7.08  
7.84    -7.21   -0.70   -1.70   -18.35 
2.41    4.20    10.29   -3.30   3.90   
2.85    -0.25   -2.48   3.74    17.96  
14.72   5.04    -3.68   -5.01   -15.46 
2.21    -1.07   5.73    0.71    -1.39  
-3.09   8.58    1.91    -10.69  0.76   
-5.82   -6.48   -9.96   4.08    -14.00 
-7.50   -0.55   -12.63  -14.97  0.94   
0.89    -5.06   -6.58   -1.33   6.87   
-33.06  1.98    -14.96  22.67   -3.56  
4.60    13.31   -0.51   2.87    2.73   
2.29    16.85   -7.24   3.72    -9.48  
-5.48   10.31   -1.88   5.05    0.29   
0.64    -4.69   -1.63   -8.67   0.53   
5.39    0.35    -25.20  4.51    -3.18  
-10.17  -5.28   23.07   -4.41   -7.30  
8.35    8.42    -10.37  10.62   0.71   
-17.66  -3.33   -5.92   -6.70   7.06   
-15.81  0.32    11.39   1.97    4.70   
-19.04  -6.64   -25.45  4.79    9.30   
-4.35   -3.12   -8.31   -1.37   -5.30  
0.31    21.50   -8.02   2.62    10.42  
1.53    -1.71   -7.34   5.82    -6.82  
-5.49   -3.60   -9.87   3.02    -1.57  
1.77    -6.43   -9.33   3.30    -2.66  
-1.68   -7.36   12.35   21.77   3.72   
-9.02   8.45    -12.68  9.06    2.00   
7.11    -5.47   -20.18  -4.06   -4.65  
3.01    8.38    0.08    -7.39   1.17   
4.59    -13.40  -12.52  -2.60   -1.53  
-17.14  -14.76  1.80    -6.41   3.33   
-5.14   -7.16   0.91    -3.94   -12.61 
0.49    2.79    1.09    4.25    1.10   
-9.90   -1.81   -0.36   5.40    -0.00  
-5.47   4.55    -3.85   -4.06   -11.78 
-12.78  -10.87  2.24    -12.69  16.62  
5.22    3.33    0.25    0.86    -4.08  
-0.40   1.54    -1.47   1.74    -5.47  
-3.21   4.51    7.02    4.44    -13.97 
-21.00  -2.17   -4.69   -2.88   16.58  
6.82    4.45    -14.22  4.89    0.51   
4.73    -13.96  -10.12  9.20    2.24   
5.25    -11.52  -0.72   -0.03   -9.67  
-6.04   -9.36   16.79   9.41    -6.48  
-1.03   -2.32   -2.05   13.24   -6.66  
-1.30   11.12   -5.76   -6.00   -20.09 
8.72    -5.38   -2.22   2.97    -4.24  
6.30    2.62    5.12    -0.10   -7.33  
8.72    -15.03  -10.05  8.69    16.04  
0.15    1.05    0.71    2.03    2.19   
1.53    10.92   -9.64   0.07    1.01   
-9.92   3.54    -1.42   -6.41   4.60   
-0.80   0.09    6.63    1.60    -5.74  
-2.23   4.45    5.07    2.36    0.65   
-4.77   4.60    -10.40  -3.46   0.15   
-1.51   9.67    -0.16   0.79    -9.71  
-3.51   -6.36   -7.32   6.00    0.63   
-3.15   2.95    -4.18   10.29   0.35   
-22.50  6.55    -4.57   3.09    12.21  
5.61    0.16    -9.23   2.00    8.24   
0.97    7.06    -2.48   -7.73   5.50   
13.38   -5.93   -6.24   -2.08   3.92   
-14.40  3.43    -5.12   3.91    10.38  
0.13    -13.03  -20.96  6.67    2.29   
7.22    -4.13   -3.53   3.50    2.17   
1.96    4.21    -6.64   8.59    1.44   
8.47    4.95    7.25    10.82   -14.76 
10.21   2.05    3.61    3.98    2.66   
-12.15  -2.29   -8.09   -8.39   1.40   
-14.98  -9.70   -12.34  7.04    -10.12 
-0.06   5.06    3.77    4.19    -5.53  
-4.26   -13.95  -8.44   13.98   -2.70  
-1.34   -11.15  -3.65   -5.99   2.56   
5.11    5.00    -16.51  -1.30   -5.22  
13.98   -10.00  18.52   -13.89  2.16   
3.26    1.69    -7.35   -5.44   -6.99  
-10.11  4.80    -13.44  -5.98   -4.96  
-6.34   -3.76   -9.21   3.09    -14.84 
-8.50   -22.98  -4.16   11.47   -2.55  
2.03    5.81    -1.06   9.39    9.09   
-6.30   -5.90   -5.67   3.68    -1.00  
0.15    -6.65   -2.36   -13.76  15.65  
-16.26  -6.93   -6.20   9.25    -0.13  
-10.22  1.43    -11.67  11.98   -1.06  
5.06    7.21    9.87    10.14   2.17   
-3.93   -7.55   -7.66   6.76    -15.18 
-2.01   -14.07  7.85    1.68    9.70   
-3.40   -0.49   13.33   -13.97  -5.62  
10.89   -9.21   8.95    -2.32   2.11   
8.14    1.21    -9.85   -9.76   2.33   
9.85    -8.25   10.54   1.11    -0.58  
-8.90   -0.77   -5.53   -4.65   18.50  
8.25    -11.77  -10.89  -3.44   2.56   
1.61    4.94    -0.26   17.76   2.86   
-5.75   -8.14   -15.27  4.27    11.30  
3.74    -3.55   -16.29  0.13    -6.90  
6.63    1.30    6.26    -3.51   -9.96  
-6.04   -5.49   -2.04   3.76    7.81   
-3.29   -9.38   -4.26   8.58    -6.57  
-0.36   -3.20   6.82    1.51    -21.32 
-2.03   3.90    10.21   3.74    13.57  
-8.30   -12.80  7.80    2.18    -3.61  
-12.00  3.04    13.79   17.30   5.52   
3.20    -16.36  13.76   16.09   -0.45  
-7.33   9.63    -0.37   3.61    3.06   
0.44    8.79    -8.29   -1.48   -3.91  
6.08    4.76    5.54    27.31   -1.72  
4.62    7.16    -6.03   -3.30   -2.84  
-10.41  13.94   -7.53   3.59    -4.60  
-8.91   3.00    -5.92   5.06    10.12  
-1.01   6.13    -4.95   -4.60   -6.45  
3.34    5.34    -15.49  -7.51   -4.13  
-1.25   3.96    12.07   2.50    -5.61  
-5.74   -12.15  -9.43   7.88    3.80   
8.23    -18.22  11.35   -10.53  3.32   
-3.71   -2.38   -12.59  -0.49   1.85   
0.57    5.48    -25.49  9.54    -3.08  
-0.94   15.93   0.93    -10.41  -6.42  
-9.18   -1.65   6.05    2.92    -1.58  
1.75    -8.76   5.74    14.65   -7.08  
-16.72  -9.34   2.01    11.31   -4.03  
13.93   -4.93   -4.04   12.74   0.42   
1.76    2.90    -17.85  5.82    -5.10  
-5.34   7.79    -11.44  -6.26   1.97   
-8.88   -8.21   -13.35  7.54    -0.55  
-5.70   -2.05   0.95    0.37    -3.29  
0.15    -9.22   7.58    -2.06   -15.25 
-8.69   -4.43   7.80    -5.15   6.95   
-8.21   -0.16   13.71   16.70   -0.75  
-3.38   -7.19   1.40    6.62    -5.07  
-3.45   -6.59   -5.94   -21.12  11.35  
-4.02   -5.63   6.36    2.00    -9.45  
11.60   -1.29   -3.91   1.46    -11.46 
2.88    -20.04  13.60   -1.73   -3.94  
-16.22  -1.97   -0.13   -0.82   8.85   
-4.30   -3.05   5.73    -3.74   7.92   
-0.15   -18.43  0.42    4.27    -11.46 
-1.42   -13.67  5.96    -11.69  -11.69 
-15.47  -4.75   -3.83   4.03    3.65   
7.03    -2.33   2.25    -16.77  -2.60  
-7.72   6.50    -9.73   -10.37  -2.66  
-4.88   4.76    -4.70   1.83    5.00   
3.83    2.86    -14.43  16.17   4.29   
-2.30   10.36   8.42    1.42    0.96   
-15.05  -1.43   -1.68   -1.18   2.43   
-11.81  8.85    3.30    9.40    3.85   
0.03    3.26    -18.05  -7.55   -9.85  
5.37    -7.40   8.01    8.56    6.69   
-6.83   1.49    0.98    11.18   2.36   
5.99    -14.19  3.17    -0.23   -3.85  
-4.68   9.30    9.30    5.54    -5.39  
0.78    3.89    5.68    6.09    -9.47  
-11.27  -12.21  -26.31  -3.12   -9.20  
-16.44  -6.20   -3.37   15.73   -3.07  
6.81    -11.83  10.54   -3.42   13.16  
8.49    4.36    11.53   -3.55   -5.97  
-7.84   4.82    7.94    14.88   2.70   
-1.03   8.24    -0.42   1.94    6.75   
5.92    5.54    -9.97   9.03    2.67   
-7.91   -5.78   -12.53  -3.72   5.49   
3.42    7.12    -6.44   3.52    -11.43 
-1.31   4.38    10.02   4.39    6.67   
7.86    -4.67   -1.13   9.11    1.93   
-3.98   -2.53   -0.02   -5.52   -10.13 
-5.28   3.86    -17.51  19.42   12.89  
3.73    -8.29   5.43    -3.97   2.28   
7.80    8.99    9.81    9.27    -2.99  
-0.39   -4.23   3.64    -10.82  -6.57  
6.16    1.29    2.84    10.62   10.01  
1.52    -2.14   -6.56   3.48    0.02   
-17.96  16.07   0.57    1.45    -7.60  
-1.52   -14.21  -7.58   4.52    -4.65  
-3.76   -0.30   14.29   -9.84   -9.76  
-13.31  -13.09  -17.87  13.48   -3.40  
3.51    -3.46   21.84   4.09    -7.46  
-13.54  -2.50   -3.97   5.10    10.07  
-3.64   1.90    4.82    31.38   -3.80  
-8.77   -3.34   -7.37   8.30    -15.29 
-11.50  -1.09   -14.86  5.74    -6.22  
-0.01   0.11    -11.36  -1.81   -3.20  
-6.30   -1.43   -7.52   2.91    -3.37  
2.43    13.57   16.54   -6.07   -7.61  
-5.67   20.93   4.75    6.63    -9.96  
6.51    -7.01   1.26    3.95    3.73   
-1.36   -5.56   4.99    -9.99   -4.90  
-11.21  13.00   -2.76   -1.61   7.73   
-1.83   -9.95   -7.28   -0.98   7.42   
2.67    18.46   4.90    -12.58  -21.38 
6.78    7.22    11.66   5.15    -2.58  
7.16    -6.44   -4.29   3.14    -1.27  
-3.64   -6.46   -13.75  2.75    -6.32  
-2.59   -3.33   -4.51   13.62   10.66  
-5.49   0.74    -8.59   7.64    9.91   
-9.88   -6.53   4.72    -7.71   8.96   
13.60   4.74    8.40    2.24    -8.28  
3.16    -4.97   7.06    -0.42   0.44   
2.06    7.50    8.53    7.88    -1.83  
0.90    -5.92   6.78    -0.88   -12.61 
7.44    9.07    -5.72   30.03   1.56   
-0.12   -2.67   -11.90  -1.94   -1.35  
13.66   -16.21  -2.74   16.20   -6.67  
-1.11   -0.50   2.86    14.13   -4.23  
-1.76   -12.94  -3.72   -6.67   5.55   
14.46   -7.64   0.76    -0.39   2.19   
-7.89   -10.23  3.21    9.01    2.13   
-9.14   0.16    1.72    3.33    -0.14  
4.04    -0.04   -11.12  -9.38   1.72   
2.69    -1.26   14.99   -1.08   -12.41 
12.42   -3.13   6.32    -0.44   -11.77 
-14.52  7.69    -8.39   5.44    2.90   
-9.78   6.91    -15.64  -1.70   -4.69  
-2.20   -5.31   -10.02  3.30    10.84  
9.87    1.65    -1.61   11.24   -8.74  
4.60    2.39    8.39    0.75    -9.26  
1.54    -10.38  3.78    -1.68   -0.87  
-10.95  8.52    -2.22   15.98   15.49  
-2.26   -7.20   8.23    4.71    9.72   
-13.30  -0.87   10.19   6.70    -8.65  
-10.74  -2.92   3.71    4.58    -5.98  
-7.64   1.49    -26.17  7.25    9.19   
3.57    -5.68   -5.58   -5.78   6.36   
-0.79   3.69    11.66   8.08    -5.29  
1.97    -4.83   1.13    4.18    -10.14 
-9.49   -6.20   -5.17   -3.49   -1.18  
8.22    2.29    -9.69   -12.82  -21.23 
1.76    -11.23  5.62    -5.94   5.91   
5.04    -17.29  -1.70   2.02    -5.98  
-14.57  -5.76   -5.87   9.78    6.31   
-5.25   -5.24   -18.63  4.57    3.08   
8.36    -4.58   -3.04   0.24    6.53   
-11.71  -10.08  -5.14   7.20    0.32   
-0.36   -4.64   -12.99  -3.95   4.61   
3.41    -1.70   -3.96   3.95    -4.14  
6.30    2.83    -7.05   9.61    8.99   
0.67    3.39    6.37    6.21    23.18  
-13.56  -0.75   5.16    7.38    -3.03  
1.95    -9.92   -6.51   6.44    -5.25  
-5.39   -2.14   -23.28  8.79    2.60   
-15.18  -2.37   -8.82   13.30   9.72   
-4.95   10.61   -2.81   -3.22   -3.17  
9.49    9.69    1.04    -2.22   10.22  
7.96    -7.47   -0.92   4.18    -4.41  
-7.76   4.90    8.74    3.36    -8.40  
2.54    6.53    -2.99   -21.69  -20.09 
-21.56  -14.24  -11.14  -9.80   1.44   
-11.24  -1.98   2.38    16.54   4.65   
1.64    -19.43  -6.03   -0.43   3.69   
-12.10  -1.51   -3.69   -4.20   10.21  
-15.86  4.06    -10.35  -7.30   6.76   
3.70    11.05   -3.86   10.09   -5.57  
-8.34   -8.24   5.99    -1.39   -17.50 
0.55    10.93   14.93   -14.38  7.71   
-0.76   0.57    -5.20   -6.57   2.21   
-3.15   -11.41  -8.59   22.90   1.12   
-5.40   -3.86   -0.86   5.46    14.41  
4.96    2.25    -6.47   -0.33   -4.75  
-2.91   -11.14  -16.98  5.80    7.26   
-3.30   -12.30  -6.46   -0.62   -0.13  
4.14    -15.91  -13.77  8.27    9.56   
-6.76   -4.13   0.73    4.38    0.93   
1.43    -8.10   2.68    24.34   -7.58  
-8.90   -10.47  4.80    7.06    -2.85  
6.32    11.89   2.43    2.22    3.87   
7.69    -12.82  -4.27   17.81   4.69   
-4.58   -17.22  -9.24   0.51    -3.39  
-6.48   -5.13   9.39    -0.43   -1.81  
13.34   -3.05   12.21   -5.34   -11.51 
-14.74  -5.20   -11.52  -10.88  4.84   
4.98    3.97    9.30    6.24    -7.96  
-6.58   -1.64   -20.56  6.64    -16.94 
6.37    -5.55   2.54    8.04    12.66  
-1.18   -6.57   -0.08   7.91    6.00   
-14.19  2.05    2.86    -5.33   4.43   
5.58    -5.65   13.71   -4.22   2.45   
5.93    1.66    15.36   -2.00   4.58   
0.09    -13.23  1.36    8.01    6.48   
2.51    -0.22   1.46    1.86    -0.51  
2.06    8.42    1.27    -2.41   8.70   
0.94    -11.10  -2.62   5.54    -2.84  
15.72   -14.13  5.92    -3.99   3.64   
0.01    4.04    -14.89  6.13    -5.48  
4.43    -2.81   -11.62  8.44    -2.31  
9.10    2.31    -1.65   10.88   1.25   
1.75    8.11    -2.38   5.25    -1.08  
6.23    -8.96   -1.30   5.83    -11.38 
-10.81  -2.03   -2.71   0.73    -0.84  
6.49    1.46    13.91   2.76    4.37   
-2.38   -14.38  -8.84   5.63    -0.33  
-13.30  -3.58   -8.48   17.03   10.59  
-6.63   7.74    -9.01   13.03   0.13   
-1.60   16.10   0.35    1.12    10.32  
-0.70   2.90    6.73    -7.47   -1.21  
-13.20  4.91    5.62    4.30    8.48   
-2.71   -10.21  -10.36  6.60    1.56   
-5.02   0.59    26.45   -9.73   9.82   
5.77    0.59    -0.07   12.97   3.18   
-7.99   -2.06   -13.45  -7.83   2.42   
-8.49   5.27    8.73    16.21   -10.19 
-2.88   11.37   1.78    6.84    -16.33 
-11.17  -2.01   -2.01   4.55    7.49   
-15.59  -5.03   8.57    -1.37   6.40   
15.98   1.71    -1.81   -2.18   13.46  
-5.77   -4.49   -18.63  4.69    10.97  
4.69    4.24    -5.94   7.96    -17.39 
13.25   -8.96   -0.44   -6.78   -1.68  
-3.72   9.74    3.22    -5.37   -10.54 
7.92    -13.10  2.10    0.70    -10.40 
-3.13   -2.36   -7.76   16.75   6.93   
3.09    13.48   -5.96   5.60    5.85   
7.08    -0.45   -1.24   17.10   -5.92  
-3.01   2.08    13.16   -4.96   -3.34  
-12.21  -21.65  1.65    2.31    5.16   
14.92   -8.86   0.56    0.19    6.53   
-7.03   -11.43  15.70   -0.21   -21.68 
-4.67   -7.31   5.89    5.81    0.32   
-2.41   -4.77   -7.96   11.71   1.74   
-13.92  0.98    -3.12   10.42   -4.38  
3.09    -4.24   -0.29   1.10    -7.13  
-3.41   1.35    -1.64   -3.68   -1.02  
-3.95   -4.93   9.27    1.09    -0.22  
-3.53   6.51    -17.42  8.45    4.97   
-0.44   2.53    3.23    11.24   16.48  
-10.78  -9.32   2.90    -7.11   4.41   
-4.66   -0.36   -6.38   16.61   -5.37  
-3.43   1.28    -7.75   7.55    4.53   
-3.43   0.72    -12.72  3.96    3.39   
-2.63   -7.33   -1.95   10.61   6.94   
5.07    0.58    5.02    5.42    -12.58 
1.88    -5.28   9.49    -15.99  -4.35  
-20.14  9.37    -5.43   -12.05  -8.23  
7.90    9.16    5.47    -5.87   -1.08  
-4.81   8.75    4.52    9.12    11.84  
1.19    6.77    12.10   6.96    -13.15 
21.73   2.94    -10.28  -1.49   -7.79  
-10.08  7.33    1.38    5.34    -2.23  
-11.70  -13.28  -20.74  1.25    -5.21  
-2.57   -9.19   0.23    6.69    -2.94  
-7.05   0.72    -4.51   -12.66  -3.14  
-3.61   -2.97   3.18    9.77    4.78   
7.79    -8.14   1.66    -0.77   9.56   
-10.19  11.96   2.27    18.21   -1.87  
-4.81   -5.57   7.72    -1.59   -4.79  
0.84    -0.22   3.35    1.96    -0.42  
-14.05  3.57    -15.82  15.00   -2.72  
2.19    6.66    0.64    10.06   -8.06  
-4.42   5.13    12.82   5.72    5.65   
-14.11  9.66    -11.84  21.92   -2.93  
-22.07  -5.71   -3.40   -6.68   0.80   
6.14    2.07    -3.77   -9.29   5.18   
-6.03   -15.14  9.48    11.90   4.04   
-3.40   -9.26   -1.57   -0.23   2.26   
-4.95   -14.41  -10.74  -5.31   1.88   
8.55    12.22   -9.13   -0.69   -9.76  
-3.07   11.15   6.83    16.64   -8.79  
-3.33   -0.28   -6.68   15.86   11.45  
-2.27   5.15    -8.13   12.08   -8.75  
0.52    -6.74   -0.90   2.26    9.57   
-14.37  3.53    -0.16   -2.27   0.44   
-3.73   -8.49   5.77    -2.20   -0.61  
-5.12   13.34   10.33   16.21   -6.63  
3.37    -26.37  -15.20  11.47   6.32   
15.82   -0.79   -26.44  -4.65   0.40   
-22.18  17.20   -6.27   -5.50   -1.93  
9.65    -1.95   2.98    1.55    1.51   
-5.07   -14.09  -5.95   -8.44   8.36   
4.52    -0.71   2.72    2.89    0.36   
-17.55  2.95    3.24    -4.07   -3.57  
-12.62  -7.12   -8.18   3.22    -3.71  
-5.81   6.99    3.64    1.81    -11.12 
-17.31  -19.77  -2.18   2.14    5.62   
8.66    -22.67  33.43   6.87    -6.84  
-2.95   0.59    -11.56  -1.28   -3.06  
-6.92   -2.62   -7.63   0.86    3.65   
-21.20  1.79    5.10    9.00    -16.35 
-6.07   5.23    -6.46   -1.75   2.74   
-11.31  -6.79   4.80    3.01    -0.83  
8.79    4.90    3.27    2.04    -0.90  
-4.37   -3.41   3.85    -5.22   -15.17 
0.23    1.40    16.61   0.99    -11.81 
-8.29   -17.15  -9.10   2.05    3.27   
3.18    -14.84  10.58   -17.73  3.03   
5.02    -4.58   9.98    15.51   -8.83  
0.46    9.33    -6.52   1.13    -6.20  
3.84    -0.23   10.18   0.66    9.10   
-8.24   -3.22   11.76   9.93    0.43   
-7.32   -10.83  -7.80   -3.44   -3.28  
16.48   -8.61   -11.08  20.32   0.05   
-0.15   6.96    10.79   9.57    -7.14  
0.31    -4.26   -8.09   17.62   0.39   
-1.78   -9.25   -4.91   5.37    -9.75  
-11.74  2.16    1.48    -0.72   -2.88  
-1.56   -3.51   -2.49   2.40    5.60   
10.28   1.04    -5.55   16.02   -1.52  
-6.80   2.01    8.83    -26.83  -5.99  
-14.40  10.28   -2.04   -10.38  -7.40  
-1.84   9.64    6.23    8.62    1.39   
-6.71   -5.18   3.32    2.09    13.10  
-16.07  12.58   -22.03  7.39    9.03   
-7.87   2.33    -11.79  -6.86   12.26  
-1.58   1.23    13.05   8.25    2.81   
-13.84  3.54    -6.57   16.36   -3.92  
-4.56   0.58    1.70    15.49   3.64   
-10.94  9.48    1.85    14.40   4.07   
6.78    -4.88   -9.08   8.84    10.57  
-6.41   7.12    -16.36  -4.06   1.08   
-5.92   12.63   0.66    3.45    16.24  
13.82   -1.55   -5.27   2.44    -2.90  
0.63    -11.91  -0.15   9.70    -2.81  
-4.68   2.38    -8.01   3.03    2.85   
0.62    7.11    3.33    -3.88   -6.81  
7.52    5.01    -20.22  0.46    -7.89  
4.60    -2.39   3.66    4.23    1.54   
-4.70   -0.04   0.82    10.43   -3.04  
3.17    7.20    -10.90  5.28    6.15   
-4.52   11.24   -8.92   2.63    5.79   
-1.86   -0.98   1.78    -2.27   -5.93  
13.16   -9.02   -6.51   15.56   9.35   
-5.63   -0.65   -4.25   -1.22   -3.20  
-3.49   -21.46  4.94    -2.03   3.74   
-0.16   -8.96   -1.38   2.67    18.33  
-2.52   -8.20   -10.67  9.54    -3.43  
5.92    0.55    3.75    -1.83   -8.47  
-17.04  1.02    -20.36  12.31   4.49   
7.56    -12.15  -0.87   7.75    1.45   
-2.88   3.70    12.99   -1.73   11.60  
-4.89   -14.68  13.30   9.34    -6.44  
8.88    12.73   -1.18   2.27    15.64  
-4.07   -7.31   3.49    -9.29   -3.28  
-2.15   5.83    4.79    6.64    -8.16  
-9.10   -3.06   0.35    10.35   -10.28 
3.10    4.95    3.55    7.63    -3.05  
0.05    10.06   6.33    6.54    -7.22  
-4.46   -10.33  -0.39   -4.17   -0.93  
1.56    -12.17  -4.19   7.16    -1.75  
-17.60  7.70    -1.67   0.84    25.70  
0.43    -8.63   -0.24   -0.13   -7.55  
-4.66   -3.95   -10.26  5.20    -1.04  
-2.71   -12.48  -8.05   16.96   -11.31 
3.26    6.38    8.83    1.27    1.71   
-6.58   -8.72   7.98    2.12    8.03   
0.84    19.86   -0.17   -10.12  3.99   
-7.44   -5.54   7.20    3.13    -2.84  
11.81   8.47    -0.71   1.27    -5.89  
-9.56   7.44    6.00    13.23   -0.91  
-2.41   -4.34   -8.39   -1.73   -7.55  
4.99    -4.15   12.72   2.14    -0.01  
-4.97   12.96   8.69    6.81    -7.22  
-19.48  8.90    -2.74   7.71    10.44  
-10.20  -4.42   1.62    8.93    -8.44  
2.09    -7.26   7.48    1.86    -15.75 
-2.70   10.82   4.41    12.75   7.63   
8.36    -3.49   -11.77  4.00    -1.93  
-6.12   6.32    -2.31   16.55   5.74   
-22.45  5.11    9.76    -0.46   -6.46  
-1.80   5.12    -9.90   7.73    5.63   
4.18    -1.75   -7.48   4.22    7.12   
-13.47  -1.48   -7.13   2.40    3.38   
-20.06  2.95    -1.14   -12.51  -5.68  
8.66    -5.29   6.27    -0.16   4.27   
-2.15   -11.10  9.92    7.37    -10.90 
7.04    -11.79  -10.52  -3.83   1.37   
-5.50   6.33    -8.75   6.73    -8.10  
-10.10  -9.68   -13.06  6.77    -2.67  
-11.03  -8.61   0.23    15.88   0.33   
-3.17   -3.86   -15.38  -6.59   -3.77  
-1.58   -1.00   7.73    10.63   -2.68  
6.14    0.17    -1.72   -7.37   5.38   
-6.80   -10.04  19.25   -2.35   18.74  
-7.84   10.50   -8.99   3.43    1.07   
7.58    -18.67  3.41    6.97    -10.58 
-4.90   1.33    -5.65   3.64    -7.62  
9.04    5.10    -6.03   2.61    9.18   
-6.02   15.27   -6.36   8.50    -7.93  
7.08    -4.47   7.89    18.70   2.87   
-12.85  -4.01   12.48   1.83    14.59  
8.73    -14.81  -4.97   3.94    -5.16  
10.93   -12.75  -17.40  12.22   6.09   
10.14   -4.85   -9.23   11.27   11.51  
-7.43   -23.08  15.31   -2.93   -11.45 
-1.44   -14.57  -1.00   -12.06  0.27   
7.04    19.68   -15.98  -11.78  13.86  
-5.34   3.72    9.42    9.03    -4.00  
3.23    -2.65   1.42    -5.84   -4.88  
14.52   8.58    5.07    7.61    -1.39  
0.71    -2.44   11.05   10.53   14.82  
-5.30   -2.07   -0.51   -2.57   -2.03  
-6.40   2.91    -26.69  -1.90   -8.03  
-2.48   -9.41   -10.13  8.67    0.25   
2.61    -2.06   -1.98   13.44   -5.55  
-2.20   -13.43  5.16    2.76    -3.10  
14.37   4.41    -12.90  -9.82   11.67  
3.29    -10.83  11.28   5.94    -8.10  
-3.80   6.66    8.29    9.17    5.46   
-2.06   -16.50  5.65    -8.88   5.01   
1.76    -10.27  -3.58   -1.81   15.53  
-7.07   4.37    -9.49   14.01   -6.39  
-6.34   -9.16   -2.02   -9.51   -6.82  
-10.30  -0.17   -23.33  9.37    14.50  
-1.35   -0.91   12.87   6.04    -11.49 
6.47    7.81    -12.49  7.95    8.06   
-0.30   11.75   1.18    2.32    -4.16  
-4.51   9.19    6.09    -19.95  -0.99  
2.38    6.72    -8.30   -14.11  -6.14  
-2.74   -2.46   0.14    0.41    -2.84  
-5.04   -10.69  17.16   -10.92  3.15   
-3.80   -5.91   -6.12   10.41   -11.67 
-11.96  12.56   14.91   6.32    -0.31  
7.62    8.53    -7.25   -0.25   -7.49  
-7.71   7.21    -8.76   7.03    -1.49  
8.30    7.99    -6.84   6.38    -5.98  
-6.10   -1.78   -16.30  7.09    0.40   
-12.71  5.03    1.34    6.84    -8.02  
-0.41   -11.05  23.05   -1.69   -3.60  
6.05    -4.99   -4.92   7.94    -4.60  
1.43    -8.27   -7.96   13.44   -15.47 
5.02    -7.00   -0.70   -7.33   9.31   
6.70    -13.53  -14.55  17.29   0.02   
-12.23  -2.44   -5.23   -5.05   -1.86  
-10.31  -8.70   12.50   -14.74  6.25   
4.10    4.05    -1.31   6.85    -6.28  
-8.47   0.31    -2.36   14.14   16.07  
-6.28   4.12    -2.80   -3.29   1.74   
11.28   5.45    15.25   -7.25   7.58   
2.62    0.12    -12.95  -0.82   7.95   
4.05    -2.04   1.63    -4.34   11.01  
-4.76   4.48    9.61    10.09   3.07   
2.69    -6.15   -5.81   5.56    -7.93  
-6.01   -1.30   -9.33   12.77   16.75  
-7.93   -16.81  1.23    -18.45  1.56   
-18.40  -16.97  0.68    2.22    3.22   
3.80    0.87    1.60    -9.20   -1.07  
-0.58   2.97    2.73    13.39   3.43   
-21.77  2.65    -8.87   12.03   3.98   
-10.47  -2.92   -9.79   0.99    3.04   
8.91    -19.73  23.31   12.80   8.67   
-4.94   1.23    -2.75   -7.44   15.94  
-5.47   16.31   -17.44  -3.36   -2.92  
-17.21  -2.52   -0.62   3.66    -5.90  
-10.10  -10.45  -7.32   7.42    7.34   
-10.88  0.44    3.81    -1.48   -5.04  
5.13    -5.56   1.15    -6.29   -6.45  
2.39    14.40   -4.24   -14.84  3.11   
1.27    5.71    -9.19   7.57    -9.21  
3.00    1.25    11.73   -6.12   -18.04 
5.14    -4.38   -5.57   8.86    -0.40  
-7.83   -0.46   -14.14  16.49   11.22  
-10.61  -3.08   -3.40   -15.37  2.12   
-11.22  -14.68  2.72    10.10   13.18  
-4.28   20.73   -9.57   -18.58  -0.11  
-3.41   10.30   -0.91   5.07    -0.99  
-3.75   -13.33  0.35    -1.12   -2.60  
-9.16   9.07    -20.46  -0.56   -5.58  
6.26    5.28    -7.36   -3.94   8.48   
6.99    -0.07   12.17   6.15    -7.29  
-11.09  -4.28   -6.10   3.33    0.77   
-5.26   1.25    -2.07   10.83   -4.00  
-1.14   6.34    15.38   14.56   2.97   
16.27   -11.07  9.72    -5.34   -2.87  
-5.49   8.38    -16.64  9.41    3.22   
3.03    -26.87  -0.44   -7.31   -3.87  
-13.09  -6.88   -12.85  8.47    -1.91  
-3.51   7.31    4.00    -0.63   0.77   
-1.88   19.69   2.11    1.44    4.82   
9.47    -17.06  -11.46  13.04   1.66   
-13.47  9.23    -24.86  -5.73   3.59   
-10.13  9.85    32.05   -6.78   -1.57  
2.99    8.97    5.09    14.64   12.22  
-0.22   2.06    -1.60   1.19    8.45   
-12.93  -2.56   -11.00  18.22   21.65  
-5.98   1.72    -0.80   7.02    -5.58  
-5.17   7.60    2.47    -4.13   7.52   
-6.01   -12.86  4.76    -2.39   1.97   
-0.77   -2.81   5.35    14.73   6.69   
6.81    -2.00   -11.20  4.19    -6.99  
-2.76   8.71    0.27    2.29    10.86  
9.78    10.83   11.21   6.36    -5.55  
1.88    2.58    -1.96   9.11    5.66   
-5.90   -12.44  -26.51  8.26    -1.74  
6.99    14.37   -17.70  -4.84   5.42   
-11.81  8.23    4.23    -0.71   12.10  
-4.56   -8.93   -18.20  6.00    -3.68  
-1.81   11.50   -7.56   2.25    -4.67  
-5.05   -3.51   -2.88   4.19    4.61   
-13.99  6.72    -7.32   5.71    -6.57  
-12.12  5.00    -27.51  -0.75   14.57  
-5.31   -12.56  4.34    -3.39   6.17   
-5.77   -3.14   -0.58   21.70   13.82  
-18.00  8.17    -5.24   2.93    -0.03  
13.14   -8.85   6.93    11.39   7.96   
2.58    -8.50   11.89   -5.66   -15.15 
6.65    6.03    2.00    4.36    -9.75  
-3.08   2.01    -14.59  9.75    -11.14 
-7.10   -9.54   1.93    15.82   5.24   
-1.89   -2.07   -9.11   -0.75   -16.22 
3.17    1.25    13.26   -4.11   -13.44 
-20.29  8.35    -4.58   -20.80  9.56   
-3.18   7.45    3.27    1.16    0.27   
1.09    -2.23   -17.24  0.04    4.27   
-10.01  4.84    2.29    11.43   3.08   
-1.26   0.95    -7.12   12.16   -2.03  
-22.69  11.41   0.64    2.61    -4.86  
-0.21   -6.86   14.49   17.38   -20.05 
-1.44   -11.48  -4.85   -4.54   -7.72  
-10.29  14.88   -9.74   -2.80   1.63   
1.30    -4.20   -10.99  10.20   -7.67  
5.15    -14.94  -13.76  2.43    -5.50  
9.40    10.96   -4.51   7.11    12.83  
6.34    -2.45   0.41    -8.39   1.84   
-6.50   -10.62  -3.28   -7.91   8.74   
4.03    2.19    1.22    9.32    2.18   
-11.35  -2.23   -12.08  1.66    -3.70  
-9.23   0.31    -5.47   -5.44   0.39   
-10.19  -4.64   -11.74  4.75    -3.77  
2.74    -10.56  -8.10   18.21   10.76  
-2.33   2.84    1.32    -3.62   -9.42  
-5.13   -4.20   2.21    10.89   4.37   
-13.09  -6.34   9.27    17.03   6.32   
5.02    9.42    14.97   1.92    6.14   
-2.08   5.67    -2.35   -5.85   2.51   
-5.16   -0.36   -9.36   -0.98   1.88   
8.39    -1.55   1.12    -4.31   8.58   
-8.84   4.49    -19.32  -8.75   8.90   
-9.79   -6.98   -0.37   13.80   7.71   
-9.24   -4.71   5.82    -6.59   5.53   
1.01    1.60    -16.46  12.90   -19.35 
-3.14   0.31    0.75    1.98    -4.86  
0.79    -8.83   -9.22   0.76    9.20   
5.75    -3.91   -2.60   -0.38   5.51   
5.02    -13.15  -7.56   2.55    -11.80 
-0.47   7.55    -8.48   -13.69  -4.27  
6.20    -2.99   -6.40   -0.86   -1.93  
-6.25   -6.79   -3.87   -13.27  -12.34 
-3.76   9.30    3.82    28.26   -4.73  
-1.35   16.34   8.84    3.81    -0.67  
3.19    7.03    3.68    -0.09   5.29   
-12.22  -2.43   -2.29   -0.62   4.15   
3.39    -4.89   -14.48  3.61    2.61   
2.52    8.14    5.90    -3.74   -6.94  
-11.20  3.05    -5.63   5.81    -4.53  
-3.15   -3.34   -9.87   4.11    5.97   
9.46    4.44    0.79    3.70    2.13   
7.15    11.33   -8.56   8.92    -5.58  
-15.16  4.45    -6.84   15.45   -6.09  
3.44    -1.11   -4.08   0.17    5.40   
-2.48   -12.58  1.33    0.54    -4.01  
-1.30   13.28   9.41    10.40   0.09   
8.09    -4.06   13.66   7.33    9.92   
1.80    5.70    3.65    -6.28   -1.75  
-11.83  0.14    8.14    7.59    -2.58  
2.49    0.81    0.58    17.93   2.17   
14.19   -14.34  2.56    11.45   11.46  
-10.74  2.91    -4.63   0.46    -3.13  
-1.71   10.49   -7.57   6.74    -2.64  
-15.79  -15.42  -1.86   4.87    8.89   
-1.66   0.61    0.95    -7.25   -8.80  
-3.96   1.50    9.07    -2.56   4.64   
-8.79   -8.36   -18.12  -10.12  -6.68  
4.27    -2.06   -0.76   -14.82  2.09   
-6.57   0.71    0.24    5.39    1.72   
-11.60  -3.40   -9.73   -4.63   14.46  
-3.11   -4.08   -9.92   13.19   -1.85  
0.41    -10.03  -1.88   10.05   1.12   
3.61    -2.20   -7.19   -8.57   -1.37  
3.43    7.51    5.67    3.11    -8.78  
-15.40  -3.11   -16.20  5.56    0.55   
2.82    -3.55   -2.40   1.64    7.00   
-8.90   -7.46   4.07    -4.85   6.64   
