-13.18  3.81   
-7.36   -0.95  
-9.60   -5.72  
-4.18   -4.96  
-8.00   -2.23  
-6.94   -13.42 
-9.05   -0.61  
-7.91   -5.36  
-10.26  1.20   
-6.32   -5.01  
-0.67   -8.41  
-10.50  4.18   
-0.77   -9.61  
-0.21   1.26   
-6.25   -3.83  
-9.75   -1.28  
-6.88   -12.09 
-7.66   -4.28  
-3.27   0.13   
-10.31  -1.12  
-2.57   -6.19  
3.12    -7.64  
-8.49   -1.57  
-10.09  -7.91  
-12.40  -3.76  
1.59    1.21   
-4.56   -7.45  
-14.69  -4.39  
2.24    -3.42  
-5.97   0.38   
-9.53   -9.15  
-6.18   0.28   
-4.89   -2.41  
-14.05  -15.61 
-3.13   -1.88  
-3.97   -0.57  
-1.52   7.26   
-3.18   3.20   
-4.92   -4.63  
-6.53   -3.24  
-9.27   1.24   
-8.88   -11.79 
-7.95   3.45   
13.10   -7.38  
-4.81   6.42   
-2.40   -8.13  
-3.89   -4.22  
-7.38   1.01   
-7.95   -0.40  
-8.77   -9.69  
-8.29   -0.28  
-10.69  -16.46 
-1.14   -1.65  
-0.25   -2.62  
-13.36  -2.77  
-3.52   -6.35  
-7.81   -4.51  
1.73    -1.40  
-8.45   -7.14  
-8.64   -1.17  
-3.24   10.19  
0.24    -7.29  
-1.15   -1.07  
-5.07   6.00   
-6.50   7.64   
-9.66   3.45   
-5.37   1.21   
-8.20   -5.65  
-8.83   -0.91  
-8.53   -2.61  
-10.09  -11.64 
-16.93  -3.35  
-9.94   -2.40  
-12.62  -4.54  
-6.06   2.09   
-3.77   0.72   
0.92    4.31   
-2.08   -0.67  
-12.87  -9.42  
-5.34   1.51   
-1.88   -7.50  
-3.74   -11.14 
3.43    -0.17  
2.15    4.97   
-1.28   -2.48  
-7.52   -14.09 
-2.13   -1.96  
-7.35   -2.15  
-11.25  -2.83  
-4.38   0.90   
-10.53  -1.02  
-3.37   0.86   
-7.91   -0.75  
-13.96  7.73   
-7.14   -5.37  
-11.42  -4.30  
-9.49   -1.44  
6.35    7.25   
-12.48  1.82   
-6.57   -7.43  
