2.62    -0.48  
1.76    0.13   
-18.73  5.96   
-6.70   3.71   
0.08    -4.70  
-3.06   8.08   
19.91   0.73   
13.78   9.92   
10.54   -4.01  
6.47    4.99   
4.80    -1.03  
7.39    -3.81  
2.09    8.85   
-1.54   -1.61  
11.23   4.61   
0.89    -1.25  
-0.07   14.82  
4.92    -6.45  
-7.07   -5.06  
8.90    11.74  
3.22    6.22   
1.18    -1.63  
-7.83   -3.82  
-4.09   5.54   
6.32    8.75   
6.64    -4.18  
-8.75   6.65   
2.25    4.33   
-8.48   4.06   
-5.31   2.74   
5.87    -10.04 
7.92    -9.51  
3.78    -1.15  
12.83   -17.32 
3.25    6.15   
15.26   -0.62  
0.71    -8.04  
10.31   -2.77  
7.14    -1.19  
17.32   15.71  
-4.62   0.01   
4.02    -6.51  
-1.06   6.62   
-7.35   -6.74  
12.85   -6.09  
-0.66   14.20  
-4.32   9.72   
-4.78   -2.25  
-9.87   -4.20  
8.44    -6.49  
2.38    1.78   
4.65    -6.57  
7.77    3.21   
2.85    3.06   
-30.97  3.26   
-9.75   18.78  
-0.80   3.94   
3.57    -3.89  
-7.03   -1.97  
7.24    -3.34  
3.57    7.77   
0.88    -18.84 
9.03    -1.85  
1.33    0.86   
-2.61   1.71   
10.54   4.88   
-8.07   6.75   
1.76    0.98   
7.94    15.78  
-2.89   -2.58  
20.66   3.79   
7.26    -5.85  
-1.09   0.52   
5.04    2.30   
-9.73   -3.31  
6.21    2.75   
12.36   -6.15  
8.22    0.39   
-3.64   -12.51 
4.23    -3.09  
-2.66   5.21   
-5.50   20.75  
0.67    -12.08 
24.30   -2.42  
4.32    -8.83  
-6.97   -1.85  
3.40    7.85   
3.96    -7.48  
8.77    -10.03 
0.51    -16.09 
-13.09  2.99   
3.61    3.63   
4.37    -15.99 
-7.95   -5.85  
-12.31  5.68   
-2.16   1.61   
13.49   -5.11  
10.38   -1.13  
-5.41   -7.63  
0.40    4.81   
0.55    -6.62  
-4.93   6.04   
7.79    3.88   
0.29    -3.35  
10.47   -8.89  
7.78    7.29   
6.64    -11.46 
-9.16   -10.04 
7.87    33.70  
-30.15  -5.53  
-30.04  6.87   
9.16    8.09   
7.30    4.37   
3.08    -5.31  
1.20    5.57   
12.80   -7.19  
-1.75   6.51   
-2.46   -4.52  
-8.38   -1.54  
8.29    1.44   
-5.32   6.31   
1.01    15.64  
-21.95  14.76  
-2.41   0.11   
-1.91   4.01   
7.23    -15.86 
-1.59   -6.52  
-2.23   5.82   
6.85    -8.21  
-1.81   -8.58  
3.13    7.48   
2.07    -6.69  
17.25   -13.85 
4.67    -1.83  
5.22    -26.77 
-1.14   -0.21  
8.69    -2.13  
-6.12   14.36  
-11.91  -4.22  
1.09    2.96   
-7.10   2.09   
5.77    6.15   
2.54    -12.73 
10.24   5.60   
12.34   -11.52 
-4.59   -2.82  
-8.33   0.67   
3.44    5.85   
-7.28   -10.28 
-5.82   -3.08  
5.88    -1.30  
-11.76  -4.59  
-11.09  -4.48  
-3.98   3.54   
-2.24   -1.43  
-20.38  6.00   
-20.04  26.35  
12.68   3.23   
20.49   3.97   
8.98    -1.18  
3.03    14.13  
-4.93   -6.65  
3.38    6.29   
-3.60   3.38   
-5.59   -3.70  
2.85    -4.20  
-4.09   -10.16 
9.35    4.47   
0.83    4.44   
-11.23  18.65  
4.83    -7.88  
3.87    -3.42  
-1.76   3.94   
1.02    -10.48 
4.37    -6.16  
0.46    -0.77  
2.17    -7.98  
3.52    -1.03  
16.12   8.77   
5.30    4.85   
-2.64   -6.48  
-4.32   -10.46 
-2.89   -0.85  
-11.46  -6.12  
5.93    2.68   
2.25    -3.84  
-3.55   2.71   
14.98   -2.00  
8.51    -0.91  
7.51    -8.60  
-3.27   3.17   
13.22   1.33   
-0.14   2.53   
11.13   0.82   
-8.48   5.54   
4.01    -5.85  
8.14    3.95   
-11.70  11.25  
1.74    4.02   
-0.82   7.42   
-2.86   18.69  
-3.00   1.72   
7.58    -14.83 
23.45   -5.30  
-5.14   -5.42  
-5.07   0.96   
10.66   5.78   
9.18    7.45   
5.61    -5.27  
4.66    -12.76 
-18.16  -0.71  
-0.26   -4.18  
-4.74   -4.10  
-3.50   -3.60  
-6.37   -2.63  
10.90   -3.20  
5.11    0.69   
9.17    -3.35  
10.02   -0.45  
-8.72   1.92   
-6.50   3.43   
2.75    -6.94  
3.39    7.16   
1.87    4.66   
-5.50   -4.09  
9.93    -11.79 
9.45    -12.03 
-10.56  11.20  
7.13    3.62   
-2.98   26.43  
3.55    0.03   
-4.77   -9.41  
4.18    -1.62  
-9.15   -2.63  
9.92    13.50  
9.59    -8.90  
2.74    4.49   
-7.96   5.35   
-8.77   4.13   
-4.02   4.00   
-11.96  11.78  
4.81    10.76  
-4.18   3.33   
5.74    5.98   
11.15   -10.70 
-17.51  3.56   
-4.20   -3.55  
8.45    1.43   
19.02   0.26   
4.86    0.14   
-2.87   7.91   
3.72    -22.83 
6.12    12.48  
9.96    11.59  
9.44    9.72   
8.23    -6.83  
-20.51  4.66   
8.75    -12.32 
2.29    -1.79  
10.24   -9.14  
5.66    -12.08 
3.62    -0.66  
-1.49   -6.14  
7.23    18.49  
-6.87   2.35   
-6.60   10.92  
-3.51   -0.38  
-0.99   11.82  
-8.45   2.19   
2.79    1.81   
3.20    3.54   
3.04    -6.72  
11.93   -2.96  
9.32    6.88   
-8.29   12.70  
7.24    1.07   
6.39    5.31   
-2.31   14.78  
5.45    1.83   
4.37    -13.81 
-10.95  4.09   
6.28    -2.17  
2.40    2.46   
-5.86   0.77   
-4.43   -4.27  
16.45   2.04   
9.86    14.23  
-10.72  -3.98  
1.33    -3.78  
1.61    14.58  
5.79    -1.08  
-13.71  6.61   
11.14   1.09   
5.02    3.08   
4.38    -0.74  
7.53    3.84   
-2.79   -2.17  
1.58    1.17   
-5.13   -7.13  
-2.20   7.81   
1.59    3.44   
1.09    4.09   
13.39   -5.31  
27.56   -8.38  
-2.16   8.70   
10.17   10.75  
-7.87   2.32   
-1.31   5.52   
-3.71   -7.12  
0.41    -5.69  
3.63    -1.00  
-0.54   -5.41  
-3.47   0.30   
0.44    -17.18 
-13.09  14.31  
-2.31   -11.23 
4.77    7.71   
3.29    -4.38  
10.11   3.74   
-12.96  -5.73  
-9.69   23.77  
3.27    -7.11  
8.24    -7.72  
2.97    -1.63  
-8.45   2.49   
-0.41   -9.42  
-12.54  3.88   
-15.67  5.61   
8.27    -9.23  
5.22    1.87   
4.29    8.91   
-13.09  15.21  
-1.12   -2.45  
4.91    4.69   
-11.69  10.57  
24.05   -3.14  
-8.73   0.64   
2.75    -6.59  
2.50    -10.14 
3.86    0.10   
4.00    3.56   
-25.26  -10.57 
-0.16   -0.02  
-16.11  -5.96  
-3.84   8.00   
-10.91  10.65  
-14.83  0.03   
0.46    16.14  
12.26   -3.43  
-0.94   -0.90  
11.91   -4.96  
-0.04   9.85   
5.10    0.72   
3.63    -13.45 
-5.92   17.80  
-5.10   -6.24  
-13.15  -4.58  
1.53    -3.22  
16.44   1.26   
-10.52  -10.35 
5.04    7.55   
2.78    5.85   
-4.45   -12.99 
7.50    -2.48  
-7.33   3.38   
-3.24   -9.33  
-25.36  -4.57  
-4.73   -21.40 
3.64    2.81   
-7.94   -1.79  
-5.81   3.08   
7.04    6.74   
-1.58   -4.72  
8.64    -0.35  
1.07    19.71  
0.85    -7.02  
-22.85  -16.29 
-11.00  14.25  
-10.22  12.10  
3.02    -4.33  
0.88    14.60  
-4.47   -3.41  
-3.69   3.09   
-2.08   6.36   
-2.95   12.97  
8.54    -1.96  
7.29    5.05   
6.64    11.53  
4.64    -7.95  
-11.15  5.18   
3.82    18.10  
2.63    0.51   
12.81   -1.75  
-3.52   5.17   
5.36    4.11   
-1.08   -4.51  
-15.44  1.72   
10.84   4.08   
-10.98  -3.86  
8.55    3.80   
3.28    -11.39 
-11.37  5.14   
2.37    -11.44 
-7.34   4.45   
-13.12  13.78  
-3.62   -8.44  
-0.88   0.35   
14.94   1.22   
1.27    -10.63 
-0.14   -5.41  
-5.51   5.87   
5.13    5.71   
-12.57  1.01   
-6.35   14.19  
-3.01   -2.14  
-13.53  16.78  
14.37   13.32  
10.15   10.72  
20.84   8.03   
1.89    -12.68 
-20.72  -11.69 
-7.15   9.72   
-12.89  -3.08  
-1.77   -6.71  
-3.09   3.02   
4.40    -1.71  
-12.44  -10.19 
3.08    6.58   
0.24    6.81   
-1.01   5.92   
15.88   -9.07  
15.37   8.69   
-15.26  3.92   
-12.05  3.31   
0.79    6.83   
8.03    21.20  
-1.74   -5.91  
1.38    2.10   
-8.85   1.90   
-7.96   7.33   
19.53   1.57   
1.01    6.01   
-3.24   -3.98  
-8.42   1.53   
-1.30   11.12  
11.17   11.52  
-7.45   6.96   
-17.47  4.42   
10.94   6.22   
6.05    -11.35 
-1.13   -4.39  
-6.85   6.40   
5.68    -1.01  
2.80    2.55   
8.51    4.79   
-2.44   14.51  
15.83   9.74   
14.88   -1.84  
2.37    3.31   
-6.41   -3.12  
-8.92   4.36   
-1.25   10.82  
5.93    -8.51  
-5.89   13.52  
-8.73   -1.67  
1.07    -1.32  
8.61    -1.29  
-3.31   1.65   
3.35    9.85   
10.27   -8.49  
10.11   6.78   
-1.32   1.88   
-0.22   2.02   
4.76    -0.93  
-2.03   -2.01  
-6.66   5.69   
-13.22  4.37   
14.39   15.29  
7.72    4.72   
13.55   -5.22  
-4.90   -11.19 
-13.67  1.46   
-7.01   10.31  
9.72    2.31   
4.96    -2.50  
-5.12   -4.00  
-7.84   13.46  
1.87    -4.24  
-3.45   -3.45  
-3.12   -4.92  
8.79    7.87   
-10.17  19.39  
-13.21  7.68   
-12.10  -3.78  
-14.70  15.48  
-3.43   -21.34 
-1.25   19.62  
-4.29   -2.26  
-2.75   3.15   
13.67   7.45   
5.08    3.29   
-27.47  0.09   
4.00    -14.90 
6.23    7.37   
15.39   7.90   
-2.66   5.51   
-29.57  7.83   
12.97   11.27  
3.83    -4.47  
2.14    -4.05  
-4.06   3.72   
-5.86   12.45  
2.58    -2.53  
9.83    -7.97  
-2.62   -4.57  
-11.75  1.61   
-0.56   -4.39  
-8.68   11.28  
-7.87   -6.62  
-1.75   -5.96  
-0.89   -19.42 
-11.58  -17.28 
12.01   -1.97  
-5.17   0.91   
9.92    3.06   
-4.64   -5.70  
4.34    -2.15  
-2.85   -5.64  
-1.83   5.12   
9.36    4.12   
-0.12   -4.33  
8.35    6.03   
11.77   -1.16  
-1.23   -0.34  
-4.26   4.64   
5.18    -6.31  
-4.23   2.46   
8.65    -1.32  
2.62    -0.92  
-7.97   26.14  
-2.53   -5.35  
-0.81   -8.70  
12.12   -1.28  
3.93    -6.03  
8.36    2.14   
4.61    11.48  
-5.26   4.23   
-8.02   -6.89  
-6.20   0.89   
-1.23   5.69   
-4.00   -13.11 
8.96    -9.74  
5.03    -0.07  
-2.15   -7.06  
-5.61   -0.75  
9.01    1.11   
-12.26  -2.08  
1.42    3.11   
1.05    -0.31  
-15.91  -7.56  
-2.14   1.30   
4.88    -4.14  
16.80   3.64   
-0.48   -8.79  
-15.89  -9.84  
-0.18   -7.10  
-0.40   -1.26  
-6.00   -11.60 
-1.99   9.44   
0.07    -2.35  
-15.70  9.19   
3.42    -13.18 
-1.60   5.22   
-8.61   6.50   
8.02    -4.24  
5.24    -5.50  
1.90    4.25   
6.23    3.31   
2.40    -9.11  
9.36    9.97   
15.76   -12.96 
7.14    9.70   
-1.56   -11.22 
13.82   5.41   
-11.35  2.34   
-23.69  -1.89  
6.36    14.98  
10.07   10.09  
-21.27  18.39  
3.54    -16.78 
-3.44   -0.93  
0.49    -3.06  
-7.65   3.71   
-4.53   -0.25  
12.28   -8.56  
-8.99   2.03   
6.52    -6.68  
-11.43  3.06   
8.83    30.41  
8.06    -13.77 
7.25    14.47  
-1.93   11.55  
-5.96   -10.10 
-2.66   -0.79  
3.04    -0.21  
9.63    26.13  
10.24   5.15   
1.12    -6.59  
7.88    -7.75  
-14.86  3.27   
-0.10   4.56   
21.32   0.27   
9.72    -9.77  
-6.86   -12.97 
-5.04   -9.48  
-7.67   -0.46  
-1.04   -1.49  
-4.20   -7.66  
8.59    0.45   
-9.34   2.08   
11.33   -3.26  
8.66    5.10   
-11.86  7.38   
0.59    -5.54  
-14.15  18.72  
-8.25   22.38  
-7.38   -7.39  
5.91    -5.78  
1.05    -2.96  
4.17    11.64  
22.60   3.58   
-10.85  -10.66 
-5.46   -4.40  
-0.01   5.93   
4.48    1.04   
-6.76   5.87   
-11.36  5.45   
-6.19   8.60   
-3.33   -6.74  
-4.33   0.11   
0.37    -0.50  
-6.03   3.94   
-9.96   -5.47  
2.23    0.97   
-7.63   13.35  
4.50    -1.74  
6.58    -8.15  
-5.95   -5.46  
-6.34   0.50   
13.04   1.80   
12.46   -9.58  
-0.24   4.99   
2.14    -18.54 
11.00   -4.07  
-9.66   6.98   
17.37   -3.49  
-0.88   2.10   
-2.91   13.86  
4.46    3.56   
-6.74   -0.68  
-3.72   4.14   
-9.51   6.46   
-7.86   -1.87  
1.41    5.91   
-10.56  -10.37 
17.89   20.65  
-8.27   3.85   
-32.34  4.83   
3.87    0.92   
-6.55   7.41   
0.64    -6.44  
-13.39  8.33   
-2.52   0.90   
6.48    -12.79 
17.56   -4.35  
-1.91   -0.59  
-4.94   -0.77  
-12.57  -8.20  
29.37   -2.85  
7.87    -1.19  
-12.84  -4.46  
-2.18   24.89  
9.77    0.10   
4.47    -2.14  
7.45    2.40   
8.63    4.13   
-8.03   12.49  
22.08   -5.14  
-7.24   14.68  
-3.08   1.07   
2.17    1.34   
7.78    -2.52  
-4.14   -14.26 
7.91    -8.55  
9.81    -5.87  
1.05    -11.23 
2.30    -8.17  
0.93    5.79   
-5.32   10.27  
0.13    -7.35  
9.97    4.28   
14.25   -3.09  
20.82   1.73   
5.10    -1.45  
-7.61   1.38   
-5.58   1.09   
8.17    -2.45  
12.97   6.12   
-12.02  2.59   
-8.04   -3.20  
10.40   -0.48  
-9.07   6.67   
-5.24   14.41  
-6.53   11.57  
7.20    -4.58  
10.83   1.00   
2.45    -6.15  
-7.06   -7.13  
14.44   9.63   
3.10    -3.77  
-8.04   0.65   
0.17    -2.41  
4.71    5.22   
14.76   0.49   
5.34    0.19   
11.42   8.86   
-12.32  6.46   
18.90   -9.51  
-3.69   -25.43 
-7.87   -20.15 
17.56   -0.50  
3.61    4.92   
2.48    1.51   
5.84    -1.16  
9.32    2.87   
13.80   -2.71  
4.52    -0.72  
2.61    8.43   
-4.89   1.63   
2.68    -5.43  
-2.28   -0.38  
9.87    6.82   
13.73   3.89   
-3.21   8.16   
0.08    -6.14  
8.03    -5.14  
0.61    4.64   
-3.44   -3.99  
-5.28   -0.38  
3.30    3.75   
17.45   9.58   
-6.39   9.48   
1.89    1.73   
10.37   -1.37  
1.09    -4.24  
0.12    -2.42  
5.79    -6.10  
-5.89   4.35   
-9.99   17.61  
-2.74   15.74  
-2.56   7.87   
0.74    -4.85  
13.73   -8.12  
-11.81  -1.55  
1.23    7.51   
7.45    -10.40 
5.33    -1.15  
6.37    -5.03  
-0.94   -13.98 
1.30    -2.15  
5.82    4.17   
-2.36   -11.68 
-8.02   -8.68  
-11.12  -6.66  
-14.15  0.09   
10.05   12.29  
7.13    -11.96 
2.16    -1.19  
-2.46   -1.54  
-5.85   3.99   
15.82   -10.30 
4.55    -8.46  
0.14    -5.75  
2.15    4.13   
12.89   -1.19  
15.02   6.96   
6.72    -10.05 
-2.77   1.69   
11.91   -4.07  
-6.66   9.78   
-12.92  0.08   
2.71    -3.56  
-13.45  -14.03 
5.83    -0.34  
10.67   0.04   
-5.09   0.93   
6.45    -8.55  
1.50    0.10   
3.39    1.41   
3.39    -2.59  
7.18    16.74  
-0.05   21.30  
3.47    -0.39  
-14.69  9.44   
0.23    19.39  
-4.32   -4.05  
-0.20   -15.90 
11.64   4.72   
-4.78   9.34   
-8.56   9.50   
13.26   -10.88 
-10.85  -4.34  
7.41    15.86  
-0.34   8.30   
0.52    2.42   
12.74   3.20   
8.65    7.31   
20.29   4.39   
5.19    0.54   
9.85    -1.32  
9.15    -3.48  
-13.72  -4.27  
-1.59   2.14   
-11.07  11.80  
17.51   8.62   
-3.92   5.34   
0.04    4.72   
9.35    -16.86 
15.04   -10.98 
-2.58   -4.81  
13.61   9.97   
1.38    0.82   
7.43    6.00   
0.43    2.28   
-4.50   -2.71  
3.92    -0.64  
12.77   -12.87 
8.98    -3.71  
14.31   -10.62 
7.28    -14.57 
8.92    -7.79  
6.71    -0.32  
-31.79  12.93  
-7.42   -0.29  
20.14   7.26   
-21.41  -0.56  
-10.69  6.44   
-0.40   0.93   
0.96    2.14   
2.21    7.12   
10.41   -15.73 
0.83    -6.03  
8.68    -3.12  
10.56   10.42  
-2.71   -6.23  
-10.65  -8.44  
-8.38   -15.28 
-2.13   -5.34  
18.76   5.72   
-1.71   -2.17  
-16.60  12.09  
3.26    -3.37  
-1.27   -0.59  
-8.12   -7.26  
6.21    1.97   
6.74    6.71   
3.69    -5.32  
14.51   -2.50  
7.84    -11.75 
1.81    11.19  
0.37    -1.70  
11.80   3.26   
-13.10  -1.86  
-10.71  9.94   
2.75    18.04  
-1.73   -3.97  
5.75    2.08   
-2.45   3.06   
-3.48   3.64   
14.44   -2.62  
8.89    -10.91 
-10.68  -4.52  
2.61    -7.31  
5.53    0.05   
6.52    -8.75  
-9.15   -0.98  
11.49   -1.83  
-8.90   -8.64  
3.42    1.15   
14.22   -2.01  
8.45    12.66  
11.89   -21.97 
-5.46   2.42   
10.66   18.45  
-2.87   -15.03 
-3.87   1.22   
-27.86  14.80  
12.14   -11.18 
-3.47   -1.99  
9.29    11.45  
-5.38   -12.73 
-6.75   -2.21  
1.59    16.94  
-4.68   10.11  
1.74    -3.98  
-13.89  6.74   
6.19    14.32  
-0.06   15.13  
2.72    7.73   
10.72   0.40   
4.53    -7.40  
15.56   -4.60  
9.88    1.46   
20.57   -5.65  
-20.69  -7.77  
-5.80   8.76   
-11.73  8.27   
-18.53  11.89  
2.84    -1.36  
-8.31   -7.23  
-2.46   1.94   
2.54    -1.67  
11.55   -3.61  
-2.26   -9.65  
-9.88   4.44   
-6.39   4.51   
18.20   5.44   
6.29    -1.84  
-2.39   10.71  
-20.44  10.71  
3.27    3.02   
3.24    15.15  
1.39    -5.54  
5.16    6.59   
-17.18  -0.11  
13.88   4.24   
-22.66  9.11   
0.03    2.01   
-13.50  5.92   
-5.18   -3.80  
-1.05   -1.71  
14.67   -7.37  
-8.36   0.18   
5.11    1.34   
1.98    1.97   
-11.83  8.02   
22.11   -0.28  
2.56    8.24   
-3.76   -6.08  
2.89    6.71   
7.48    -8.12  
-10.84  -7.03  
16.79   0.69   
11.17   -4.15  
7.94    -3.76  
-10.76  -12.51 
-6.10   -6.09  
11.21   -1.46  
-0.27   6.76   
-18.52  10.93  
-5.92   -8.66  
-16.62  2.62   
-1.09   -1.83  
5.71    -6.61  
-0.67   -11.93 
-4.73   -3.49  
7.93    -3.44  
-0.14   -1.17  
-3.46   -9.21  
0.06    -14.23 
1.49    -14.32 
1.11    12.07  
-2.19   -10.60 
-3.64   1.07   
10.43   10.51  
3.44    -6.14  
5.09    0.47   
9.26    -1.39  
-2.85   -3.29  
21.34   -12.34 
31.63   -4.07  
-3.09   2.96   
-0.60   3.54   
6.87    8.87   
-0.50   0.48   
8.95    -10.02 
8.13    19.89  
-4.77   2.73   
-9.31   2.51   
-5.53   7.71   
-15.03  5.16   
6.55    9.89   
6.67    -0.59  
-3.69   0.30   
-1.45   -2.58  
-10.36  19.72  
-1.22   -4.00  
6.37    -11.39 
-13.74  9.37   
0.89    3.67   
