31.90   -0.41  
4.50    3.18   
8.10    -6.69  
-2.14   -13.69 
5.93    -1.96  
12.80   -1.34  
-1.08   1.00   
-1.26   23.63  
-3.15   4.33   
-7.14   -6.18  
3.24    2.62   
-0.26   -7.92  
3.46    -13.03 
-4.42   0.68   
5.55    7.89   
-2.44   -2.95  
-6.06   12.93  
-1.85   9.81   
11.75   -20.88 
15.25   21.94  
6.93    1.75   
6.97    0.41   
7.49    -0.84  
-2.32   -4.74  
1.28    -0.20  
11.01   1.73   
0.51    6.93   
-8.03   14.23  
-2.67   5.24   
5.37    11.50  
-5.77   -6.28  
0.48    19.98  
-5.92   -5.05  
5.42    -3.10  
10.50   -3.28  
3.52    12.57  
-8.47   14.20  
-10.27  0.44   
4.92    1.32   
-4.08   -7.47  
-1.66   5.45   
-6.48   -1.79  
-1.86   0.08   
-2.89   -8.25  
5.90    9.10   
2.07    -2.78  
0.03    -0.41  
-7.73   10.05  
-3.47   3.63   
-5.85   1.43   
4.37    -1.42  
0.08    0.39   
8.14    -7.09  
1.76    -1.69  
5.67    8.41   
0.15    11.62  
6.24    8.87   
5.75    -5.45  
-2.70   5.37   
4.06    5.21   
0.16    -6.11  
-4.15   10.15  
-0.69   3.45   
1.01    -5.15  
-3.58   5.38   
-12.24  -13.40 
-7.79   -1.42  
-7.88   -2.81  
8.36    9.14   
-1.65   2.77   
8.54    -2.81  
-1.69   -1.54  
-5.39   -1.22  
-0.10   -7.77  
8.02    -6.49  
10.59   0.19   
-8.88   -2.50  
-9.53   -11.63 
12.73   -4.11  
-9.13   10.28  
-9.68   -3.00  
-3.70   -5.04  
-3.48   0.36   
-1.54   -5.39  
2.65    -5.90  
0.66    1.91   
9.94    10.00  
4.16    -3.96  
4.00    9.46   
1.38    -7.41  
-1.74   22.47  
2.68    2.77   
-2.39   -3.49  
-12.81  8.33   
-11.33  15.18  
-3.65   1.57   
1.54    -4.05  
-4.68   -0.81  
16.65   7.12   
-7.30   -3.87  
