0.39    -11.51  6.02    -1.84   -5.51  
8.59    -9.13   8.37    -3.28   5.38   
7.65    8.57    5.02    -5.29   -10.65 
-7.42   15.69   10.99   -2.86   -8.86  
7.72    1.91    -9.55   9.04    -7.24  
-6.96   6.12    7.56    17.40   1.49   
-7.90   1.42    -1.95   11.55   11.92  
-2.92   18.51   5.07    -1.96   13.67  
-13.23  -6.66   4.57    -9.57   1.80   
-12.03  -3.70   -4.73   -10.15  -15.27 
10.66   5.97    -1.97   5.48    -7.46  
-4.31   4.29    -3.77   -3.56   6.51   
-11.40  -6.80   0.10    -10.19  7.56   
-13.51  4.38    13.18   8.83    -8.53  
5.51    16.80   -1.78   6.24    3.99   
-12.22  2.11    3.30    7.95    0.67   
5.40    9.90    6.07    2.40    13.17  
8.62    9.01    2.47    10.67   -4.33  
2.06    6.94    3.33    2.58    5.91   
-10.56  11.76   -9.36   19.83   23.75  
-7.15   2.08    -24.56  13.74   -7.55  
-3.01   3.60    8.94    -11.69  1.51   
-7.40   6.52    -0.54   -32.04  -12.77 
-6.88   6.57    1.38    9.24    -5.66  
12.70   -10.34  1.81    9.59    -3.96  
-2.22   -0.55   7.74    1.25    -0.26  
2.61    -7.79   7.67    1.57    -3.91  
-10.58  -13.64  2.11    7.95    -21.25 
-7.13   11.68   6.82    -5.88   -4.66  
-11.12  3.35    -7.67   0.31    7.89   
-18.34  -3.82   -15.37  16.37   -0.71  
10.54   -5.33   -7.09   15.77   -3.80  
-1.12   2.96    9.89    10.87   1.04   
3.73    21.20   -0.58   -5.35   17.28  
-14.50  -3.94   -2.45   -1.35   -2.41  
2.77    17.42   5.72    0.76    4.34   
8.47    14.36   9.94    10.28   -13.78 
-15.38  -7.86   -6.74   4.14    -0.78  
-8.16   0.02    -6.42   23.04   -5.55  
-5.14   -23.89  8.08    2.98    3.63   
4.67    9.08    1.60    8.45    -14.24 
-11.27  -10.84  -10.91  15.59   16.44  
7.02    2.54    -13.46  9.63    11.43  
-6.98   9.35    -4.30   -5.01   3.63   
-8.07   8.16    2.43    17.67   -18.05 
3.88    7.42    4.08    8.60    16.65  
20.94   4.00    21.63   14.38   3.72   
-12.49  -5.00   -4.80   -1.74   -0.07  
3.67    10.37   -5.46   -0.40   -10.87 
-5.85   2.50    7.60    16.43   -12.08 
5.72    2.79    -11.15  1.23    7.62   
-14.73  1.90    -8.96   -7.13   0.63   
0.46    -2.13   -14.88  13.24   -1.13  
-2.32   -3.89   -17.59  6.97    -3.33  
3.40    5.09    4.41    -6.87   -3.60  
9.51    15.13   -9.61   -1.48   -3.80  
-5.48   13.64   0.43    -7.61   2.89   
-13.92  -3.85   -3.32   9.28    7.89   
8.50    -6.44   -9.29   6.05    -1.89  
3.23    -21.90  -0.88   7.02    19.67  
6.83    2.29    5.59    15.79   -8.09  
-8.41   -10.03  -9.76   -11.27  12.31  
2.37    -6.57   4.81    -1.98   9.95   
10.07   -4.38   -10.07  12.68   11.83  
6.70    17.00   12.45   0.64    -5.67  
10.58   12.72   10.01   1.32    4.45   
-17.89  21.77   -0.18   -1.92   -5.38  
-4.09   3.63    -10.67  -0.06   -1.82  
12.18   7.60    5.87    5.16    -6.64  
4.45    -3.04   -2.13   15.38   -3.88  
-20.17  0.35    -3.30   3.80    8.58   
-5.93   -3.96   -12.43  9.51    -4.14  
-8.74   -3.11   -2.83   -5.19   -9.14  
-11.01  2.23    1.54    6.26    -1.79  
-5.17   -0.94   -1.34   13.99   -11.25 
-6.78   6.95    -14.12  3.53    5.65   
-0.83   10.16   0.09    8.22    2.31   
-11.81  5.25    2.74    3.97    0.15   
-6.26   13.28   -1.66   2.65    -8.83  
3.63    12.65   -6.26   1.60    -3.99  
-2.63   0.66    1.15    14.96   1.00   
4.98    -2.63   -15.62  9.69    -3.06  
-27.07  13.69   -12.49  0.85    -0.74  
1.86    -8.15   -2.00   -10.21  -2.30  
-4.85   -4.92   -2.23   4.48    -0.89  
-5.53   4.92    -0.90   5.91    -2.92  
-3.98   -0.23   -7.00   9.24    -0.77  
10.97   4.48    15.51   9.41    10.72  
4.94    3.18    3.58    -4.21   -3.89  
2.22    16.07   -1.36   0.86    12.12  
-0.95   10.64   -8.93   3.64    -13.81 
-4.24   7.20    0.88    10.20   7.41   
-0.91   -0.75   -8.85   26.01   -2.35  
-3.59   5.16    13.29   17.52   -8.68  
-10.16  8.36    5.88    15.31   2.12   
-4.86   10.18   0.18    7.58    22.38  
7.39    7.04    -5.73   9.45    -3.87  
-15.38  -1.48   -10.26  5.20    10.66  
-0.58   -6.03   -0.45   8.06    1.75   
-5.98   4.43    -0.43   -11.46  14.56  
