3.03    -3.24   2.45    4.14    -7.30   1.50    -6.35   5.07    4.26    -3.95  
-0.09   -5.60   -6.67   2.26    1.62    2.42    -14.15  -13.49  4.78    2.39   
-10.80  -21.80  -0.93   -6.18   -2.52   3.01    0.23    -5.93   4.30    -4.05  
-6.82   -7.84   -4.65   -6.94   -7.02   -8.84   -6.96   -12.78  2.17    3.23   
-10.90  -12.58  5.41    -8.94   -7.95   -6.84   7.94    0.19    2.68    1.07   
-2.64   -4.48   13.10   -17.64  4.80    3.19    6.61    -6.41   -3.10   11.08  
0.66    12.03   5.63    -9.45   2.96    -3.14   6.57    8.80    14.06   5.10   
-7.98   -1.00   -11.25  6.66    -8.69   -4.39   1.41    6.96    3.65    -8.28  
-2.85   -8.64   0.84    -1.25   2.72    -2.40   -4.43   -5.12   1.33    -8.88  
-2.31   -10.98  3.69    -3.44   -7.14   6.28    8.57    0.70    11.06   -5.84  
9.56    -4.41   18.22   -2.44   10.80   1.91    -2.19   -7.25   -6.82   -4.10  
-7.54   -9.33   6.39    0.75    6.71    -2.46   6.31    12.78   -7.79   -4.27  
9.59    9.11    -1.99   -9.48   -17.15  1.95    -20.03  -9.81   0.80    -1.88  
5.00    -1.78   11.32   -4.68   10.58   2.94    5.53    1.73    -0.87   5.57   
3.22    13.41   -4.18   -2.27   4.65    -2.10   -10.80  -1.74   0.70    6.25   
1.99    15.03   -6.48   2.39    -2.74   -6.01   -3.98   -1.65   -3.05   3.01   
-2.03   -4.90   -4.73   -3.98   -2.03   0.68    -10.79  -0.14   1.79    -1.69  
-14.92  -12.19  4.19    6.79    -17.41  -4.82   4.16    -5.06   -0.79   -3.29  
6.45    6.19    -5.31   -7.68   4.40    -7.09   -3.15   -5.42   -0.85   -1.72  
17.09   5.91    -5.63   -16.56  -10.27  -4.61   -6.59   -4.04   0.30    -3.71  
-10.00  -4.28   1.54    -6.23   -7.81   16.02   2.29    12.37   -4.81   9.72   
-1.13   -9.53   1.23    -11.39  9.17    -0.12   8.53    -5.96   4.71    -2.26  
7.59    14.77   -3.76   -24.11  12.42   17.47   4.03    5.78    -6.05   7.74   
-8.32   -10.68  -3.68   5.52    2.20    -5.10   -4.95   -9.23   6.40    3.13   
2.97    -4.59   14.42   5.89    10.02   -2.03   1.40    2.98    1.38    0.03   
3.34    6.75    -13.85  1.88    -0.42   -4.98   -6.70   -4.61   -2.14   7.77   
-3.69   -6.43   -2.34   2.89    -4.31   -9.37   -6.11   -4.98   -1.50   -16.04 
-2.43   -13.97  13.27   -7.47   3.33    3.54    5.28    6.90    -0.90   7.98   
-2.38   8.99    -1.45   -1.07   3.68    -0.97   -5.93   -5.54   -4.01   4.67   
1.25    14.93   -11.00  -3.18   -2.20   -5.21   -6.40   -1.43   -6.21   8.19   
8.89    6.93    -4.61   17.54   -0.84   -3.13   -2.28   -11.07  -0.17   0.47   
8.12    -7.94   2.92    -2.56   0.75    -1.25   5.23    -11.20  6.16    0.94   
-3.22   -3.11   -8.19   -9.02   -0.64   -10.51  0.60    -15.18  -1.80   -2.53  
3.21    0.55    -1.36   -6.64   -5.98   0.57    4.54    -4.50   -6.40   -2.99  
-12.59  -10.55  2.61    -3.00   -7.07   -4.20   3.53    0.81    17.04   -7.23  
1.33    -2.60   0.61    -3.40   7.08    0.03    -18.73  -14.66  3.69    2.73   
16.70   6.12    14.51   -10.09  12.72   3.83    7.95    15.23   0.95    13.75  
4.14    -8.48   -15.82  -2.12   -4.63   0.58    -0.30   -8.43   -8.51   -13.86 
12.06   7.38    -3.79   3.15    -1.79   -0.64   -5.49   1.77    8.55    1.70   
-5.65   -12.35  3.16    -0.60   2.71    -3.10   15.50   -6.67   0.01    -2.55  
0.97    0.35    2.74    -5.69   -3.50   7.06    -3.87   7.67    3.25    4.49   
-1.96   -10.96  -0.17   5.63    -1.05   6.00    4.00    3.14    -5.63   -3.18  
-25.10  -3.50   -5.73   -6.04   -1.83   5.11    9.23    -4.03   -8.90   1.77   
-12.48  -15.77  -8.60   -5.09   -9.70   -3.76   4.61    -9.86   9.36    0.70   
-17.10  -15.60  -1.31   7.00    -5.52   -3.00   10.23   -6.98   9.38    -0.08  
3.82    -16.53  -10.59  -3.08   2.30    -7.10   5.27    5.86    -6.57   -0.89  
-9.47   -4.08   1.32    0.42    -9.13   0.53    -12.48  7.70    -3.89   -7.99  
4.81    -5.46   5.39    3.83    -11.81  3.30    7.85    9.30    13.21   -15.89 
-2.10   2.56    -6.48   3.88    -3.50   -3.38   0.92    5.39    -2.17   3.14   
0.33    -10.39  -5.05   -11.74  9.84    4.95    11.74   -3.48   4.35    -1.92  
7.91    -5.95   -0.04   -1.51   -4.87   4.36    13.96   6.44    12.62   6.05   
-7.14   -0.77   -3.86   -4.06   -10.04  -5.74   2.34    0.68    3.25    -1.31  
-1.60   -7.91   -5.61   3.72    3.94    -0.96   0.92    -1.50   6.49    1.14   
-6.38   -4.43   -4.28   -3.43   -9.76   -13.24  12.45   -6.91   2.50    -10.70 
-6.35   5.69    -6.75   6.52    9.02    -10.74  25.03   -4.86   -9.60   -7.72  
-3.38   3.95    1.74    -7.93   2.29    -6.28   6.25    -6.80   10.29   2.92   
5.49    -1.61   -10.90  2.60    -5.14   6.49    -1.94   2.51    -4.98   3.25   
7.60    5.66    -3.35   2.38    1.60    -7.54   -8.38   0.96    -7.09   7.05   
0.60    6.52    -3.63   2.32    -1.61   -12.23  -4.63   -2.83   1.00    2.81   
-7.42   -13.63  -7.88   -6.51   2.26    -12.62  8.04    -15.53  -1.53   7.11   
9.94    1.40    -13.71  -5.47   -5.71   4.12    6.48    -3.09   7.98    -3.12  
3.27    2.33    -8.96   -3.33   -0.83   -8.21   -5.86   -3.70   -4.58   -8.56  
6.78    3.40    -0.81   -7.57   -3.02   -6.83   -4.99   -4.84   0.87    -4.51  
-2.61   8.49    -5.09   0.37    -3.46   6.77    0.73    11.62   -2.07   2.91   
-8.89   -9.43   -1.66   -5.19   -1.60   -4.17   5.71    -1.58   12.04   -5.35  
-6.71   10.37   -5.87   0.99    3.02    -4.93   -6.00   0.53    -3.89   3.10   
-10.31  -17.11  1.80    -8.23   -9.00   9.15    -0.81   -8.73   12.52   5.94   
-0.45   -5.42   11.86   -5.73   5.18    2.38    12.33   -5.22   3.83    -19.33 
5.20    12.24   8.77    -2.18   14.56   -6.11   0.03    -1.76   -13.72  12.73  
3.38    11.67   -11.23  -0.59   1.69    -2.11   -1.30   -3.42   2.09    0.35   
-0.07   -8.11   -15.41  -3.99   -10.57  -3.29   -12.89  6.38    4.68    -3.98  
-0.90   12.57   -8.37   -6.25   3.68    2.71    -0.11   13.68   10.11   -11.85 
-3.45   -2.45   -6.34   4.18    -5.57   11.60   9.31    9.63    -5.26   0.90   
-5.35   4.33    -11.07  11.49   8.35    2.46    1.84    3.90    -0.50   -4.54  
-13.23  5.38    -7.00   7.43    -11.23  0.77    3.87    -11.37  -4.63   -14.80 
1.59    -4.85   14.93   -12.96  -14.77  -7.33   0.72    -7.03   -0.31   -13.09 
-10.47  -16.13  -5.66   -13.77  5.31    2.09    5.09    1.58    -10.41  1.41   
-6.01   -9.47   -0.52   -3.12   -1.93   7.21    -14.55  -5.37   3.52    -10.43 
-3.27   -1.56   8.43    -2.15   -0.50   7.28    -10.16  -12.81  -3.39   -1.60  
5.16    9.25    -2.87   2.10    2.42    -7.39   -2.97   -13.12  -1.64   -7.34  
-1.44   11.53   -8.99   -1.78   1.28    -8.89   -5.23   0.10    3.32    3.75   
-0.59   8.31    -11.82  1.00    0.69    -5.61   -8.28   1.18    -4.71   7.58   
1.51    -11.37  2.40    -1.49   -15.65  -6.12   -5.46   -6.89   6.04    -12.73 
-3.85   4.02    -0.05   0.51    0.52    3.82    2.43    -2.72   -8.37   2.45   
-2.83   -7.03   -0.85   -8.30   3.92    2.99    3.43    1.68    -7.67   -2.87  
-3.35   -14.22  -3.11   17.62   -4.70   -6.50   6.19    1.91    -8.67   -17.56 
-3.25   9.64    -9.42   6.26    -2.00   -5.66   17.07   7.47    2.72    0.13   
-0.12   1.82    -14.67  8.96    -16.06  -0.62   -9.31   -9.56   -1.98   7.82   
7.86    -10.86  1.53    5.15    -7.14   -8.13   13.08   -5.90   -5.43   4.69   
-1.71   -8.02   15.31   -4.08   5.04    -3.32   4.25    -1.73   -1.80   -4.41  
4.73    -8.49   4.35    -12.30  2.45    -5.07   -0.57   0.25    -0.57   -8.69  
-2.85   8.63    -0.41   -4.60   6.29    -6.43   -8.04   -3.43   -1.20   4.56   
-6.52   -16.76  -3.76   -3.62   -4.44   -0.88   13.59   -4.00   2.85    -1.65  
1.54    -6.31   0.74    -1.21   0.81    -0.47   0.77    12.50   -5.10   -11.10 
-9.41   -6.10   -18.53  8.61    -2.68   -14.40  -1.68   -2.44   -10.78  0.21   
4.05    -3.83   -13.79  -9.71   2.24    -1.80   17.10   8.69    4.42    14.46  
-11.29  -7.61   -2.54   -22.88  14.33   11.67   -2.30   0.23    0.92    2.81   
-2.37   -10.94  -1.40   -6.77   -2.95   -3.90   8.25    -14.93  4.71    3.23   
4.10    -1.53   1.00    -10.87  7.73    -13.27  4.76    -14.86  -8.19   2.57   
-17.95  -7.37   1.75    -2.85   3.42    -10.77  12.79   2.79    13.99   -12.21 
