-9.75   0.15   
19.55   19.59  
2.07    3.05   
-1.84   -10.30 
9.52    -19.29 
6.33    -1.08  
-5.33   -4.35  
6.45    11.99  
1.51    -2.98  
-7.74   4.83   
-5.61   10.03  
-3.29   -0.71  
9.12    1.47   
-2.02   -2.31  
3.36    -1.58  
-3.05   -6.55  
17.52   1.85   
10.43   13.10  
6.25    -10.48 
4.15    -4.93  
6.16    0.30   
11.74   8.54   
0.84    -0.48  
0.18    -0.41  
-8.33   7.48   
-0.46   -5.35  
-8.25   -0.14  
-13.33  4.30   
-2.79   7.00   
2.94    -4.83  
-7.99   6.37   
-2.34   6.21   
-3.39   -1.20  
-7.67   -0.72  
-1.76   7.47   
10.19   -0.63  
-6.88   28.99  
6.18    -10.23 
0.08    5.60   
-9.58   10.31  
-7.44   -3.77  
7.80    -0.86  
8.79    -5.00  
-9.78   1.99   
-7.33   -16.74 
3.12    2.15   
-2.13   5.44   
-1.78   -10.67 
5.88    9.51   
0.10    11.54  
-4.89   -10.83 
-0.18   -5.08  
-12.31  -11.51 
-8.77   -13.00 
-4.00   9.54   
12.14   0.14   
-5.29   8.88   
-4.72   -9.46  
6.15    4.32   
2.76    9.88   
7.52    8.67   
6.61    -7.77  
2.85    12.85  
0.92    5.65   
-6.35   14.83  
-0.17   -9.70  
-9.97   -9.72  
-4.33   -9.57  
1.23    -15.49 
-3.13   -1.60  
-10.89  12.60  
10.70   13.30  
-2.50   5.48   
-0.77   -0.09  
14.28   1.99   
1.48    0.30   
5.58    -6.80  
3.10    1.70   
8.74    2.57   
11.72   3.61   
-4.27   -1.12  
-0.87   4.17   
-0.67   2.25   
-12.57  -14.14 
-8.89   -0.26  
4.67    -9.51  
8.57    -4.30  
8.53    -8.67  
-0.00   0.12   
9.10    -3.39  
-2.31   3.60   
1.89    15.57  
-9.88   -3.58  
-1.76   5.43   
3.72    -0.44  
-5.53   3.50   
6.55    -1.49  
-1.67   3.75   
-0.31   -0.37  
1.47    -4.10  
5.97    0.08   
-10.09  3.60   
14.93   -10.56 
-0.73   3.33   
8.12    -1.13  
2.80    -4.78  
2.00    5.17   
-1.99   22.85  
-16.58  -12.64 
-6.03   4.23   
-5.66   2.41   
0.66    -0.15  
-2.35   15.89  
8.02    4.47   
10.28   13.55  
2.98    -0.52  
7.32    3.28   
0.08    0.40   
-7.04   11.57  
-14.69  -0.31  
5.19    2.89   
5.93    9.35   
3.12    11.06  
-4.81   9.40   
-9.06   -0.43  
7.33    2.87   
12.36   -0.78  
-10.16  -4.02  
7.70    4.72   
-11.12  -6.97  
1.39    0.42   
6.58    3.18   
1.07    -6.09  
-3.93   2.51   
4.14    9.11   
-2.98   6.49   
2.18    4.04   
-2.43   -4.59  
7.68    2.95   
0.05    -16.64 
-3.83   -4.98  
-14.21  -5.97  
-2.89   9.47   
3.05    3.07   
-12.30  4.26   
-3.49   -7.58  
3.88    2.54   
14.18   1.75   
-1.21   16.96  
12.42   2.78   
-9.83   2.43   
-0.61   12.12  
-5.43   -6.28  
-3.70   3.50   
1.98    8.88   
1.35    6.57   
1.78    0.70   
-0.99   -0.11  
14.48   2.02   
-12.13  -0.21  
-6.15   7.61   
-5.05   7.30   
2.42    -0.70  
-9.76   11.53  
2.09    14.68  
8.82    31.34  
9.44    1.02   
6.21    14.00  
2.67    4.10   
10.41   6.72   
12.67   4.91   
1.61    0.04   
0.69    -12.13 
-7.65   -3.88  
-5.39   8.13   
3.35    -1.35  
12.10   -10.24 
7.77    10.30  
-7.43   -11.31 
4.40    -1.57  
0.60    -4.44  
6.94    8.34   
2.30    12.45  
6.77    -3.76  
-8.84   -5.57  
-5.89   12.54  
4.91    -6.48  
-11.42  4.91   
-2.67   0.70   
-2.06   11.62  
15.29   1.85   
-1.48   -2.96  
-2.38   14.73  
4.22    -1.83  
0.58    6.59   
10.29   -10.67 
-2.22   0.16   
7.35    -2.47  
-1.20   -4.64  
-1.38   2.63   
7.57    -6.52  
1.08    4.91   
-3.31   8.67   
-11.55  2.30   
12.10   14.04  
10.06   -2.88  
-0.78   -2.70  
-3.44   -3.36  
-8.58   1.96   
1.41    5.04   
11.79   6.70   
-21.43  9.89   
2.68    -2.42  
-11.16  0.96   
0.26    3.41   
-15.88  0.62   
-0.38   -6.41  
-5.93   20.19  
1.08    -0.36  
-6.41   -1.76  
-4.37   -1.85  
9.20    3.17   
3.64    -7.43  
-5.07   -1.70  
-2.36   3.30   
7.31    14.91  
-1.41   -2.78  
0.47    -4.24  
-0.90   -3.20  
0.32    7.89   
7.26    3.51   
3.05    0.68   
-7.55   -3.14  
-13.48  8.77   
6.11    9.83   
14.69   0.53   
-9.34   -2.05  
-3.66   -1.21  
-2.20   8.99   
3.30    10.91  
9.90    1.40   
13.67   1.66   
8.99    -4.64  
1.82    -3.31  
-0.52   0.93   
-4.10   17.70  
15.41   9.76   
1.45    3.40   
-0.90   -15.56 
3.75    7.40   
7.03    7.82   
16.54   8.61   
7.74    -2.71  
9.51    12.14  
-3.60   0.31   
2.35    0.34   
5.62    4.69   
-2.94   3.32   
-3.03   -6.54  
-1.05   3.35   
5.65    -0.71  
-5.26   0.85   
-3.58   -1.50  
-1.67   -2.53  
4.46    12.03  
4.64    0.92   
-0.97   -7.36  
2.09    20.45  
8.17    1.82   
-2.70   4.24   
-2.83   3.75   
-9.75   16.82  
-5.92   -12.94 
13.76   11.86  
21.36   7.19   
5.70    -8.62  
-5.58   -1.53  
-0.35   -10.32 
3.88    -0.76  
-0.11   -4.73  
-5.59   1.01   
-3.12   5.38   
8.65    -0.31  
4.43    -0.89  
3.38    4.20   
4.60    9.85   
-6.02   3.81   
-11.94  3.98   
-15.62  -14.79 
-13.37  7.14   
-13.74  0.37   
-4.72   -10.54 
-11.07  -0.69  
-5.04   -6.11  
22.07   -0.20  
0.62    4.72   
-5.94   11.34  
-4.40   5.80   
9.83    17.67  
-2.17   -4.50  
-1.17   0.13   
3.31    0.16   
-0.17   -0.24  
-10.01  3.47   
13.35   -4.55  
-4.54   4.89   
-0.54   -14.63 
3.80    17.65  
4.57    -11.52 
10.02   -8.72  
-11.49  9.35   
23.28   -8.23  
-4.51   6.61   
-4.38   -6.84  
-5.81   -5.14  
3.25    5.26   
3.29    -4.85  
-1.90   -0.49  
-2.60   15.23  
7.58    10.57  
-6.11   4.66   
7.82    4.26   
-12.60  -7.49  
-3.39   10.89  
-1.69   3.22   
4.35    11.63  
1.25    5.43   
5.44    -4.44  
-6.28   -7.87  
2.36    11.37  
15.62   6.65   
3.35    -1.30  
-0.99   -4.75  
-0.33   3.76   
4.13    3.93   
-2.91   15.27  
6.24    -1.70  
-1.12   4.40   
-7.86   4.15   
0.49    6.83   
10.89   -7.53  
-6.43   -3.96  
-3.78   2.97   
-0.65   3.25   
1.18    13.21  
-1.99   -10.65 
-14.99  0.74   
0.27    -5.98  
11.44   6.87   
-2.36   7.02   
-10.83  -13.73 
-6.01   -3.23  
1.61    11.22  
2.96    -1.75  
9.00    5.46   
-13.54  -2.06  
-0.69   -7.80  
-2.27   -4.17  
-4.07   7.39   
-0.30   -10.16 
-0.14   23.07  
10.74   -6.88  
-10.49  0.86   
-0.74   -7.59  
-9.29   -18.27 
-9.50   1.75   
5.51    -9.13  
-10.69  -2.14  
-2.15   16.00  
2.85    -1.10  
1.71    -5.52  
4.02    -2.00  
11.60   -0.04  
-0.93   5.20   
-0.59   1.12   
-2.85   -7.96  
-6.07   -1.62  
2.94    -16.80 
-3.03   4.59   
2.04    10.60  
-5.04   -7.21  
0.02    -3.02  
2.90    -8.49  
10.16   6.84   
4.27    -3.38  
-0.57   6.21   
3.76    -6.43  
6.29    2.18   
-7.74   -1.92  
-1.68   11.02  
-4.64   -6.48  
2.50    -9.71  
1.02    26.96  
-7.94   4.95   
-15.34  -2.52  
-0.84   -0.35  
-5.22   6.90   
-18.21  6.91   
4.19    2.25   
-6.32   -3.89  
0.26    0.07   
-0.53   -8.87  
-6.35   2.08   
0.53    1.83   
-6.98   -5.77  
-2.49   -0.85  
14.33   4.36   
-4.31   16.81  
1.93    0.97   
1.03    3.87   
-29.37  12.97  
-15.40  2.00   
-5.10   14.09  
10.49   0.58   
-12.73  8.74   
-4.57   6.25   
-6.95   3.44   
6.35    10.80  
-4.74   2.15   
-8.31   8.16   
-0.59   -2.60  
3.48    -0.39  
-2.43   19.30  
12.76   8.18   
1.09    -1.39  
-1.25   1.40   
4.38    -5.74  
7.46    3.74   
-4.90   -10.48 
-0.47   -2.27  
5.42    0.11   
-1.95   2.10   
-10.69  6.47   
-3.80   5.06   
12.46   -3.91  
3.31    -9.26  
-4.77   5.80   
-6.56   -3.70  
7.93    10.48  
2.53    -4.04  
-6.59   0.53   
-5.81   9.54   
5.47    -7.25  
2.55    -7.27  
8.91    -3.62  
7.30    -4.78  
2.84    0.15   
0.86    6.23   
-2.62   8.55   
10.25   -16.12 
3.71    0.37   
-7.72   -8.14  
8.05    -1.54  
-1.47   3.81   
12.89   -11.06 
-1.04   6.65   
0.09    9.24   
-1.91   -5.40  
-2.80   -2.53  
1.48    -5.15  
-7.67   0.45   
0.03    -4.47  
-12.92  12.09  
8.59    -4.36  
4.59    9.20   
4.53    -1.80  
2.62    0.76   
-0.44   -6.24  
15.32   9.18   
2.82    0.32   
-6.54   11.11  
2.59    4.27   
-7.05   -0.63  
-4.78   -3.33  
-0.58   0.38   
-0.82   -8.84  
-6.58   10.18  
-0.17   15.62  
-1.76   10.52  
-10.54  1.85   
2.85    2.86   
-11.67  1.59   
6.95    -5.27  
8.64    5.56   
-1.08   -3.24  
-10.67  8.08   
17.43   4.11   
10.47   -15.83 
10.51   -2.63  
1.63    -2.63  
-4.23   -5.18  
9.41    10.24  
6.77    7.28   
0.90    -7.63  
7.75    2.33   
5.72    0.08   
-13.33  5.87   
-1.75   -2.95  
-5.73   -9.19  
5.58    5.14   
4.46    -0.09  
11.94   0.93   
-6.22   7.75   
0.09    -0.09  
-0.31   4.62   
7.89    -8.55  
-8.22   -0.20  
-2.21   5.67   
-5.38   1.62   
-2.84   4.94   
-0.13   6.15   
-6.70   10.65  
1.99    0.01   
15.80   12.54  
2.12    4.73   
16.38   -7.54  
14.97   17.60  
-5.49   12.93  
7.60    -7.59  
0.71    14.51  
6.89    13.08  
2.33    9.29   
-10.97  -0.84  
4.06    4.98   
-1.25   10.54  
19.51   6.21   
11.16   -7.95  
-2.73   -4.54  
15.19   -1.82  
-5.61   -9.61  
-0.64   6.84   
-0.45   9.24   
-5.24   -7.59  
4.45    -6.85  
-0.99   3.52   
0.72    0.28   
-5.50   7.22   
6.95    13.62  
4.34    0.69   
-11.23  -12.47 
12.13   11.14  
9.78    13.17  
-17.55  -5.98  
5.76    9.69   
10.80   -11.25 
-6.29   -16.83 
1.16    0.14   
0.87    15.10  
-4.37   6.09   
-3.03   2.14   
18.87   -12.77 
3.07    0.79   
-3.79   3.31   
6.78    -0.11  
6.68    1.76   
-7.52   1.31   
-6.98   -7.30  
0.82    5.02   
-0.63   10.72  
-9.98   -7.56  
9.38    -9.87  
-6.73   -12.41 
-10.65  -0.12  
-9.26   1.11   
-1.68   -9.87  
7.46    2.68   
0.92    5.65   
-7.82   -7.24  
0.39    1.13   
1.33    2.07   
-4.73   1.16   
2.61    2.96   
-7.42   5.42   
0.18    -3.95  
-4.39   -2.37  
-0.66   2.52   
-3.47   1.14   
13.08   -8.41  
2.40    -4.18  
-2.05   -3.87  
3.91    -11.67 
-6.87   1.55   
3.46    4.47   
-10.19  10.33  
11.48   2.15   
0.25    2.79   
-6.48   5.29   
1.01    15.30  
9.38    1.71   
-7.89   5.43   
2.74    5.52   
0.64    7.91   
-14.03  19.87  
1.81    13.77  
3.66    -3.37  
11.02   -4.84  
-1.68   -2.95  
-0.05   7.31   
5.28    -11.23 
5.62    -6.77  
0.70    5.64   
15.00   4.69   
15.01   -1.57  
12.15   1.30   
3.61    3.97   
3.51    9.09   
7.12    8.55   
-10.58  19.79  
-7.93   14.23  
2.53    -3.89  
-4.99   -4.42  
-10.66  1.25   
0.90    2.72   
1.31    1.43   
-13.99  6.15   
3.60    -8.51  
-7.77   1.65   
7.20    17.78  
-4.25   -4.91  
-5.76   -4.31  
-2.68   6.49   
-0.76   -8.18  
6.12    1.86   
11.45   1.64   
5.06    10.45  
-2.31   -3.76  
-4.15   4.26   
3.10    -0.81  
11.81   5.38   
7.28    11.13  
-10.99  -5.94  
4.74    7.95   
2.37    11.85  
5.19    5.09   
-5.83   -8.80  
6.27    -9.17  
-7.19   -0.24  
-14.78  14.66  
-0.12   -4.89  
0.38    9.54   
11.24   -3.41  
-11.63  7.78   
-4.85   -10.97 
4.32    12.08  
10.18   12.76  
-10.71  -6.32  
-4.07   0.76   
-5.25   6.68   
6.63    0.87   
-0.06   4.99   
0.35    10.54  
1.63    9.94   
-10.69  -6.63  
-3.06   2.62   
-4.14   16.20  
-3.35   13.50  
-7.63   8.15   
6.02    -3.04  
4.98    4.28   
0.41    -4.00  
-2.41   -1.44  
2.96    -0.84  
1.74    -2.34  
3.81    4.50   
-6.24   -9.79  
-1.73   -0.67  
1.30    0.35   
3.19    -5.60  
-4.96   5.96   
-6.34   8.01   
-9.32   0.20   
-4.44   4.20   
12.95   14.50  
-9.32   -9.00  
10.94   8.25   
0.46    -17.16 
7.84    3.35   
0.66    -6.66  
0.74    -7.00  
16.66   -4.15  
9.28    -9.89  
-7.57   -6.58  
3.28    -8.87  
10.10   3.48   
17.02   -0.74  
-3.14   7.94   
-10.31  -1.26  
9.40    -5.07  
-0.59   -1.68  
-2.82   -1.23  
-1.84   5.19   
-5.97   7.60   
10.29   4.22   
7.98    14.30  
-5.36   -13.55 
6.09    -5.94  
3.34    3.26   
-0.34   2.77   
5.85    8.98   
-4.09   -4.14  
-2.73   1.34   
2.89    -5.34  
-8.81   -5.57  
-8.55   2.21   
-5.06   17.26  
-7.30   10.34  
-8.23   -0.63  
5.59    2.41   
6.72    -6.37  
12.34   2.45   
-1.68   1.52   
1.25    -14.17 
-0.09   5.21   
-1.10   6.67   
-3.28   -5.84  
7.00    -5.87  
4.98    -3.26  
6.92    10.43  
14.85   2.05   
-9.61   10.48  
-0.29   11.23  
4.30    -7.65  
-5.45   11.44  
-1.81   0.78   
-5.88   1.17   
-0.43   9.44   
-0.90   4.61   
3.74    11.44  
-1.47   6.77   
-9.23   1.69   
12.20   -5.54  
3.73    13.01  
0.53    -0.30  
-5.46   9.08   
-5.75   -3.79  
-4.84   -9.21  
-2.47   4.00   
-9.53   -7.35  
0.16    -15.22 
7.19    3.30   
6.56    11.72  
2.02    -3.85  
-1.07   10.20  
-4.99   14.29  
-6.21   7.41   
6.73    13.44  
-9.89   -7.73  
-1.57   -5.05  
-2.15   -2.63  
1.90    17.50  
3.62    -7.45  
-3.96   24.12  
3.23    -4.92  
-0.71   -6.32  
8.27    -2.70  
-4.46   -7.12  
13.99   -6.96  
19.10   -0.89  
-9.04   -5.91  
-0.11   2.02   
-1.22   -0.88  
8.58    3.96   
1.16    -6.19  
-5.00   5.35   
1.73    -9.82  
-10.80  -1.38  
3.34    4.74   
-3.43   2.00   
-4.85   2.77   
-0.08   15.94  
3.56    0.06   
8.13    -2.62  
14.35   0.44   
-1.15   4.14   
-4.74   5.59   
-0.75   -1.12  
-14.74  -5.43  
-5.81   -0.39  
-2.28   -10.12 
2.79    3.76   
1.97    6.85   
15.88   4.79   
-6.16   4.18   
14.85   -7.37  
-5.62   1.00   
-6.48   2.11   
2.64    0.53   
-3.84   14.63  
1.20    12.60  
-3.54   7.95   
2.16    9.26   
7.80    -13.69 
6.84    2.24   
0.38    -6.11  
-5.25   6.45   
-8.55   3.32   
13.77   3.81   
-1.18   4.99   
-14.21  13.66  
2.91    -13.19 
-0.46   9.50   
-2.29   -2.72  
-1.06   7.69   
-11.74  -1.00  
0.49    1.71   
10.89   19.10  
1.08    6.16   
8.27    6.86   
1.07    -3.05  
-2.51   3.21   
-0.42   -4.26  
-7.26   3.00   
6.53    -2.76  
-1.38   19.23  
8.27    -3.68  
2.28    -0.63  
6.36    1.07   
5.56    2.21   
7.70    -19.89 
-3.25   -3.68  
0.01    4.50   
8.14    3.47   
-0.44   4.70   
9.88    0.61   
-16.37  4.42   
-14.22  -1.26  
-5.04   8.10   
-9.82   -10.84 
4.13    2.39   
-6.37   5.96   
-4.38   -3.20  
0.45    0.97   
-2.57   7.74   
14.10   1.99   
-10.91  -0.84  
9.94    -8.15  
-6.03   0.64   
2.04    -8.63  
0.69    7.71   
1.74    -1.70  
-8.23   -0.19  
5.89    2.05   
-2.20   4.99   
6.81    4.22   
14.90   6.64   
4.79    12.62  
-15.74  -1.47  
1.12    12.53  
1.30    -3.46  
6.21    -2.93  
5.24    -3.60  
-4.52   0.37   
-13.69  3.74   
-12.42  11.63  
-4.42   2.35   
-3.47   10.04  
-2.25   1.57   
-3.70   13.53  
5.72    6.16   
-7.60   13.03  
-6.37   6.62   
-7.48   -0.47  
-4.23   1.58   
8.61    -12.42 
10.05   14.85  
-1.62   -4.05  
-6.01   11.39  
3.70    8.01   
-3.60   -6.41  
-4.70   3.32   
7.84    1.77   
-0.11   -8.04  
3.69    -3.48  
8.82    2.76   
4.65    14.41  
-5.68   -3.95  
-14.50  -9.95  
-6.29   0.39   
-2.07   7.55   
-11.08  -1.90  
1.47    8.77   
-6.06   -5.66  
0.60    -4.61  
2.47    1.31   
-8.22   -7.71  
-3.69   -10.48 
6.15    2.16   
7.49    5.06   
14.83   -1.75  
0.36    4.49   
8.54    -1.53  
6.87    0.99   
8.38    -7.58  
1.43    12.08  
-9.87   5.25   
-1.89   0.87   
0.87    -5.91  
4.16    5.49   
6.66    6.13   
-1.72   18.10  
4.48    2.60   
-12.14  1.18   
6.04    -7.26  
14.58   0.40   
6.28    9.26   
-0.14   6.73   
9.02    10.84  
-4.35   -9.60  
-0.60   -1.52  
8.64    3.96   
-4.97   5.30   
-2.50   13.60  
4.12    -7.90  
3.34    -10.80 
11.85   6.53   
-1.88   -1.38  
0.31    1.43   
-5.50   -3.45  
-5.26   -5.24  
-14.77  10.43  
-14.75  -3.51  
-11.87  5.56   
5.76    8.13   
0.10    2.35   
-9.33   -2.48  
9.07    2.01   
11.14   -8.38  
-6.91   -1.69  
3.04    7.20   
10.17   -2.86  
-4.69   -5.86  
-5.61   7.16   
5.66    -1.12  
-9.62   0.97   
2.57    -1.04  
-10.70  -12.44 
-9.42   13.59  
-3.37   -5.37  
1.59    19.44  
2.60    3.19   
-2.28   2.95   
5.74    22.90  
-1.18   9.94   
9.34    8.22   
-3.22   -13.40 
13.56   -5.99  
2.73    -2.37  
-7.45   -0.18  
-2.57   -2.60  
5.54    4.47   
7.14    7.06   
5.84    8.55   
0.93    -11.55 
7.46    -1.96  
0.85    4.65   
-1.14   -8.18  
-2.93   -0.76  
-17.10  -5.20  
9.55    5.62   
-10.20  7.07   
0.81    0.54   
-1.77   7.94   
-2.55   -2.56  
2.07    1.97   
-3.27   -1.25  
-2.19   2.32   
11.01   5.79   
-3.79   13.77  
-0.96   -8.04  
-10.80  -6.79  
-2.00   8.70   
-2.09   15.41  
-4.17   -9.85  
14.21   9.49   
-8.79   -8.04  
-10.58  2.16   
0.93    17.45  
-0.74   6.22   
6.47    -4.21  
-2.24   7.93   
5.60    -6.53  
-1.26   12.00  
0.76    -3.36  
-0.57   12.39  
-1.10   5.85   
7.52    -4.64  
4.98    1.98   
-6.54   6.12   
-3.56   5.34   
4.25    9.41   
1.22    0.61   
3.95    -6.64  
-1.85   10.71  
7.10    -7.14  
7.59    4.04   
-1.29   9.32   
-2.43   20.67  
16.56   -4.54  
2.87    15.70  
7.01    7.98   
