1.92    -3.90   -18.99  -1.25   2.27   
11.22   8.62    -17.96  1.80    -5.91  
-0.75   -14.61  -3.71   2.32    -7.22  
7.78    0.64    -17.37  0.85    3.92   
-2.91   7.43    8.71    -10.15  11.58  
-6.79   -0.07   13.47   1.13    0.06   
10.77   -3.06   -7.33   0.35    -1.78  
-3.16   -4.13   -0.03   3.76    2.36   
2.59    1.85    -5.08   9.02    16.06  
5.65    -3.67   5.45    0.39    6.33   
-0.06   2.04    0.65    12.73   -12.19 
-3.23   4.32    0.76    -4.64   -5.64  
8.02    11.71   -11.43  2.76    -0.19  
6.35    0.70    -7.81   10.17   9.54   
14.16   7.41    -15.38  -2.07   -8.64  
-9.48   5.26    -11.65  -12.53  3.92   
-2.91   -4.69   4.63    -1.56   -2.25  
1.21    4.11    -1.20   -0.93   4.89   
11.95   11.25   -4.29   -3.86   -7.64  
1.43    3.91    5.84    -1.46   0.89   
-0.23   4.75    6.92    0.39    -7.42  
3.93    5.39    1.48    -5.44   0.40   
8.68    -7.42   -4.38   -12.70  2.91   
1.36    -0.93   -7.10   4.90    -9.95  
-4.05   -6.32   -15.61  1.61    3.16   
-0.35   -0.46   -4.64   -7.58   16.01  
9.99    -0.68   -6.39   -14.62  15.42  
-4.87   -7.75   0.67    -0.24   -3.13  
5.81    7.87    -20.65  5.83    -2.58  
9.99    -8.70   -15.33  17.68   -3.83  
1.81    3.68    -8.82   4.56    -2.68  
-5.83   -1.80   -2.03   4.92    -3.94  
-5.67   -8.87   -21.41  4.92    -7.33  
2.18    -4.63   1.71    0.96    -10.05 
9.55    -23.44  -1.27   -15.16  -0.22  
3.48    5.56    -7.59   6.25    8.39   
-17.26  -13.92  2.02    6.98    -2.39  
8.62    1.53    -19.70  -5.93   -5.70  
-1.66   -5.92   -5.68   4.52    1.84   
-6.11   -11.17  -5.30   -1.10   -16.33 
-8.71   9.98    -11.51  -2.99   3.97   
8.96    6.44    -2.80   -8.33   21.72  
9.72    5.95    -0.68   11.66   11.20  
7.13    -1.07   6.26    4.76    7.59   
-1.77   0.23    -1.32   -4.67   -5.94  
-15.76  2.53    -11.26  12.81   7.85   
0.80    -8.07   0.65    10.89   -6.03  
7.26    12.07   -16.40  9.47    8.25   
1.88    8.68    -3.39   -9.96   9.60   
0.32    12.66   -11.30  -0.39   4.42   
-0.39   2.98    16.55   -8.93   1.09   
-11.51  1.20    -2.18   3.12    13.65  
4.30    -5.15   -10.90  -7.73   -9.59  
6.41    5.50    -7.03   -14.15  7.86   
0.00    18.08   1.42    5.90    14.42  
7.14    5.05    -5.53   -5.81   -1.85  
-9.07   -5.90   -10.24  2.22    -9.52  
17.30   2.20    -11.02  -12.85  -0.96  
7.82    5.11    -10.17  7.32    -8.60  
-4.66   3.78    5.09    -4.16   2.43   
0.64    4.23    8.51    -2.76   -0.82  
-12.29  -8.22   -7.87   -2.61   -0.85  
-1.94   -3.26   2.09    -1.73   4.45   
2.48    3.08    -12.11  -3.79   11.84  
-14.59  -9.84   -7.56   5.31    7.20   
11.07   -0.29   1.48    -3.54   1.08   
0.38    -6.14   -11.69  6.52    -6.54  
0.84    4.99    -5.10   2.82    8.67   
9.42    -14.70  -11.35  -10.24  -3.72  
6.15    7.84    -18.23  3.13    -9.63  
-5.05   7.34    3.84    -7.65   11.34  
-9.45   2.85    -9.03   14.18   -5.66  
6.02    8.27    6.05    -5.33   6.32   
1.17    -3.97   -9.84   -12.23  12.70  
21.68   -6.04   -0.56   13.19   0.85   
12.39   2.52    -14.47  -4.02   -1.88  
6.59    3.94    -5.93   0.34    3.02   
2.10    2.44    0.75    10.63   0.10   
9.03    2.99    -12.33  3.06    6.41   
13.36   1.43    -9.18   -8.90   -4.72  
16.06   9.14    -7.58   0.19    2.35   
8.33    -7.74   -6.68   -4.19   -11.24 
1.27    2.55    -23.27  19.44   4.09   
13.68   -5.88   6.49    8.21    7.08   
21.23   25.30   -5.23   4.22    3.01   
6.75    2.75    4.72    -5.38   10.42  
-0.71   0.41    0.46    -6.19   4.84   
-9.47   9.24    8.36    -1.51   12.68  
-0.17   14.21   0.26    -2.32   -0.29  
5.68    3.11    -1.53   4.70    13.17  
-11.82  16.58   -0.40   0.04    4.52   
-2.22   -3.51   -10.96  0.37    2.07   
14.87   4.62    4.64    3.37    -9.65  
0.31    -2.22   -2.20   -4.41   -4.58  
-9.91   -11.14  -7.96   9.02    -2.72  
-2.78   4.18    -4.80   -6.68   -13.01 
0.08    14.61   1.69    -4.34   -2.09  
-0.07   1.01    3.81    -0.61   2.47   
-4.46   0.33    -5.84   -3.52   6.90   
-9.62   -14.93  -11.82  -5.62   -0.64  
-2.25   -0.76   -19.14  -0.11   10.37  
6.46    -6.58   -9.79   -16.16  2.27   
11.29   14.10   3.55    2.71    8.65   
-18.13  -4.12   -8.06   4.83    -18.66 
-0.26   0.07    11.16   -1.78   8.00   
9.84    12.17   -4.64   -4.49   20.55  
5.68    -6.60   0.26    -0.07   7.04   
-11.33  -0.50   7.30    10.14   -7.77  
-3.35   11.31   15.41   5.03    10.71  
5.33    -1.20   3.32    -10.65  6.96   
-7.41   -2.27   -9.04   -2.46   6.24   
1.76    3.62    1.81    12.91   1.60   
3.17    19.60   -8.71   -0.57   8.13   
9.58    4.48    4.93    -2.14   10.92  
-6.09   1.61    -5.72   -2.36   -7.79  
5.94    1.68    -4.43   -0.23   -16.83 
6.15    -2.76   -3.75   1.90    12.63  
-5.79   2.94    -5.97   2.49    -24.23 
-3.59   2.86    -4.55   -2.90   -6.66  
-1.64   4.27    -2.05   9.34    7.31   
-3.02   -1.38   1.85    -0.77   -4.31  
11.96   -22.55  -1.49   -0.56   9.78   
-14.62  0.95    -12.99  4.10    -3.14  
14.20   13.09   -11.13  9.81    8.27   
16.33   -4.63   -10.20  -7.37   8.47   
-5.86   9.48    0.74    4.74    -8.63  
-3.79   15.54   -21.22  6.75    3.43   
-9.09   11.66   -2.37   -1.47   3.19   
2.98    5.04    -3.09   -3.55   8.43   
10.36   15.05   -4.10   12.11   -6.78  
4.03    -5.71   4.74    -0.74   -0.32  
-8.70   -5.11   -0.69   9.94    2.18   
6.58    7.77    3.51    -0.55   22.70  
15.97   10.25   -2.51   2.79    -2.33  
6.44    0.09    -4.68   2.56    14.32  
4.66    6.11    -11.83  1.68    -7.92  
-13.06  1.69    -3.88   24.71   8.05   
6.64    -5.06   -16.08  11.10   24.43  
-3.01   -20.04  -0.18   3.25    -1.61  
-1.58   1.44    10.54   -6.79   8.57   
4.93    3.94    -1.26   -0.95   7.30   
-9.65   9.13    1.94    -8.71   9.31   
-1.75   -1.57   5.72    2.42    -6.06  
-0.16   1.67    -4.27   -10.67  -3.36  
4.21    2.34    -1.45   -11.04  11.82  
-2.31   -4.14   0.92    1.29    -2.50  
8.51    7.68    -6.49   8.05    -0.78  
-14.05  -2.62   -1.69   13.30   -2.51  
8.61    21.28   -12.40  12.49   -6.84  
-8.13   -8.10   1.46    11.84   -13.70 
0.31    11.68   -8.28   13.02   4.11   
-7.02   -1.15   -6.61   -8.15   3.28   
-19.17  -5.00   -2.08   -14.94  -2.27  
-11.73  -11.19  4.24    0.71    -1.25  
6.39    -2.97   1.75    -12.38  1.08   
4.55    -0.01   -11.99  15.65   7.93   
-10.09  -14.28  -16.69  -1.36   -3.74  
8.02    4.79    -3.61   -1.71   13.07  
-3.03   -0.86   -2.60   6.06    2.29   
7.69    -1.99   -12.64  -3.03   1.30   
7.34    -1.81   -0.16   -14.55  7.14   
9.67    6.30    -7.13   -3.72   12.34  
-0.04   -0.22   0.84    -8.44   9.59   
-1.22   11.32   -4.72   -8.41   2.09   
6.08    22.12   -3.88   4.87    4.21   
-2.11   14.70   -8.77   -7.15   -4.01  
11.15   1.51    -15.35  -4.37   17.29  
7.19    7.10    -10.79  11.21   -0.81  
7.65    5.07    -19.42  -1.44   18.92  
-4.78   -9.23   -2.70   -3.51   7.54   
1.64    3.26    7.92    -4.49   5.79   
2.23    1.46    2.63    3.74    12.21  
6.68    18.27   -2.68   -8.55   -3.95  
-3.39   -7.35   -6.56   9.00    3.94   
7.10    10.83   -14.11  7.34    -13.33 
-0.47   1.55    -6.67   0.93    -7.61  
0.00    1.38    6.34    -6.35   2.88   
-10.50  -11.42  -5.88   2.83    1.34   
4.09    16.76   -1.53   -6.88   2.68   
6.33    16.59   -23.12  1.57    11.45  
0.48    -2.94   -8.47   1.17    -6.37  
14.88   -4.21   -8.74   -4.90   5.04   
1.50    -10.14  11.38   12.05   -5.85  
-0.41   -6.04   7.45    15.45   9.51   
13.63   9.98    -21.59  -6.70   -6.81  
4.57    16.80   -11.48  1.14    9.33   
-20.06  -4.76   3.19    6.01    -2.16  
11.66   5.54    -9.29   4.98    1.57   
-14.76  -12.01  -3.20   -9.65   1.78   
-1.93   -17.12  -6.11   12.48   -6.76  
-10.15  0.46    -15.77  -0.48   -7.07  
-1.83   2.67    0.79    -5.11   -1.45  
9.05    -3.09   -6.01   -1.65   16.32  
1.81    -7.68   4.45    2.11    15.18  
2.36    -13.71  8.57    -3.81   10.58  
-1.19   6.92    -12.60  3.90    16.70  
11.35   -1.97   -6.57   -1.48   1.54   
-0.53   2.89    -11.01  -5.47   5.73   
8.68    7.65    10.57   3.14    7.86   
10.80   -0.67   -10.27  -1.85   12.84  
22.01   4.14    8.20    -14.12  11.65  
-0.51   -7.69   -14.79  -3.29   2.04   
-2.44   14.80   -0.46   -1.64   9.64   
-2.48   1.50    8.41    14.00   -9.38  
-1.72   -9.11   3.75    -11.32  1.49   
3.14    4.65    9.05    -3.63   -3.36  
-9.58   1.21    2.41    7.97    -7.65  
-1.22   2.65    5.91    -5.03   0.27   
12.41   5.32    8.50    -3.94   2.88   
9.58    8.56    5.30    -0.44   2.03   
8.29    3.08    -6.05   0.11    10.53  
7.08    4.26    -1.62   -15.29  1.95   
-1.23   0.56    5.85    -13.92  8.50   
-7.42   0.12    2.64    -17.94  16.53  
-6.42   -8.46   1.64    4.27    6.95   
-1.18   -2.93   -10.58  -6.26   -3.65  
1.54    18.47   -8.82   -7.70   12.49  
-3.15   5.58    -22.80  4.80    7.36   
-4.00   -6.27   -1.94   -3.44   15.59  
8.78    -3.63   -9.41   -1.90   7.18   
-12.93  13.11   -4.92   -4.66   -1.98  
13.52   -0.40   -5.04   23.58   -8.81  
13.77   7.02    -15.01  -8.75   3.98   
0.79    3.52    2.94    -2.89   1.44   
0.81    5.41    4.42    1.51    2.72   
3.78    -0.06   -8.50   5.10    7.75   
8.17    12.10   -7.74   0.05    -2.55  
-9.92   6.57    -6.23   0.21    9.79   
2.48    2.97    7.72    -4.11   -9.05  
-1.90   0.08    6.52    -3.28   1.09   
5.46    -3.04   2.88    4.00    0.73   
7.91    6.62    -13.00  2.26    9.18   
2.12    0.37    -3.34   -11.05  8.54   
0.23    11.07   -14.15  4.09    5.76   
2.69    -1.70   3.34    3.34    3.92   
2.15    19.60   -9.20   12.09   -4.69  
-7.01   13.77   -6.60   4.94    0.20   
6.58    3.23    7.74    -4.20   23.02  
2.15    6.21    -5.73   -2.60   16.37  
-6.75   -13.14  -11.68  6.28    4.80   
2.35    3.14    -0.21   -11.07  -9.61  
-27.12  -6.25   10.48   18.37   6.64   
17.34   1.00    -5.60   9.70    12.20  
0.45    -1.56   -7.10   -8.15   2.09   
-3.69   9.87    -13.76  -16.64  5.42   
-10.93  -12.18  -6.01   11.66   -6.43  
3.38    3.06    7.60    10.33   9.67   
9.42    -5.77   -1.94   -6.64   7.08   
-4.45   3.38    1.57    -0.99   -9.36  
-5.34   -10.38  -1.10   8.78    -6.28  
-11.69  -13.42  2.08    15.92   1.04   
-7.29   1.80    -16.88  -3.17   5.10   
-11.20  2.42    2.75    5.76    -10.33 
-1.39   3.95    3.88    -4.76   2.07   
0.05    6.28    6.60    5.07    -9.36  
4.95    5.07    10.52   4.87    -6.51  
11.26   18.09   -6.99   1.62    5.01   
-2.14   1.91    4.51    0.80    -0.51  
-2.28   14.54   -21.36  6.88    -1.99  
7.69    9.66    -1.88   1.19    -3.47  
-8.79   -8.66   -10.39  -11.81  7.61   
-6.25   -11.27  -15.16  -4.09   -1.08  
7.59    18.00   -12.42  13.03   1.71   
-0.74   3.33    7.84    -1.13   -1.34  
-8.20   13.12   -2.80   -2.24   -5.20  
3.78    1.83    -15.54  12.63   -14.34 
9.05    -4.21   -6.08   -14.47  2.50   
-4.62   -0.18   -3.12   7.44    19.82  
5.30    1.93    18.30   -0.25   8.59   
-18.71  -8.20   3.40    3.57    7.02   
6.93    -5.32   -4.48   -1.63   -1.44  
-6.30   8.30    -4.68   9.68    -8.09  
4.69    -8.24   -3.21   -3.21   1.33   
3.21    5.01    -6.31   6.34    9.17   
13.39   -17.10  -6.81   2.44    17.16  
16.13   -10.08  -13.26  -0.25   7.72   
6.58    -2.74   -12.08  -4.61   13.58  
-10.75  -11.00  3.26    4.02    -0.66  
-2.45   8.41    -4.03   2.96    -1.22  
2.74    2.16    6.64    0.85    5.44   
14.11   -1.15   -2.09   -0.85   11.51  
12.52   0.07    -10.78  4.13    9.07   
-2.33   4.01    0.63    -2.33   0.21   
0.90    3.27    -8.95   14.19   2.61   
1.51    -17.33  -16.54  8.55    13.61  
11.22   24.02   -2.91   12.29   8.55   
-13.31  12.10   -8.45   -3.89   21.37  
1.18    5.96    -12.72  -2.48   7.45   
2.30    2.79    -13.19  -6.15   9.46   
2.23    -10.61  8.93    17.35   -8.25  
-6.41   -7.65   -9.40   15.39   11.37  
3.21    -14.74  -0.18   13.38   1.23   
6.21    3.96    -6.29   0.93    -4.11  
0.13    2.61    0.48    -2.39   0.16   
12.89   -3.32   -16.40  -9.78   3.03   
2.60    5.69    -3.28   8.26    15.63  
12.93   18.68   -5.82   -2.71   1.74   
14.37   2.32    2.85    -3.84   4.95   
8.81    -17.55  -3.34   9.49    -10.07 
6.38    -6.51   -19.77  -0.83   2.19   
8.18    4.65    -28.19  0.59    13.04  
2.51    2.08    5.74    -1.78   1.93   
-3.22   -18.46  -14.16  -5.83   6.05   
-3.80   2.58    -4.22   0.08    8.84   
14.37   6.50    -2.14   0.95    2.38   
-2.06   -3.17   -9.83   -7.34   -5.12  
-0.38   6.13    -4.38   6.32    12.02  
5.17    -3.39   -0.03   3.10    -8.85  
4.47    14.10   -1.30   -8.80   -0.40  
5.41    -7.61   -8.04   1.64    1.49   
2.41    -6.69   -6.55   2.19    -0.32  
-12.86  4.23    1.56    -2.82   -14.88 
2.72    10.18   1.37    -0.70   9.70   
-0.10   -4.06   -13.11  -7.95   7.29   
-0.38   1.77    4.84    2.86    0.37   
0.92    21.61   -3.27   -3.30   7.94   
22.55   -6.27   8.06    -1.91   17.05  
-1.26   -8.44   7.13    8.22    -3.59  
0.07    -5.36   -8.23   21.97   -2.88  
7.65    -13.57  -3.40   5.30    6.36   
-1.44   1.78    -2.71   6.41    3.66   
-0.93   13.67   -1.23   -4.35   -14.73 
3.61    6.14    0.92    2.94    -1.27  
-15.20  -19.55  -2.26   10.33   -26.48 
0.99    6.39    -6.62   -0.28   1.52   
-9.49   0.98    -13.87  7.93    4.16   
6.75    10.08   -3.77   2.39    21.35  
12.06   6.15    0.41    -3.00   9.69   
0.03    6.25    -16.22  7.74    10.36  
22.95   11.88   3.15    0.07    18.46  
5.95    -3.21   3.39    -4.29   0.59   
12.19   7.56    10.82   -6.32   0.63   
17.02   9.57    -9.71   4.24    -11.40 
3.92    -6.17   -16.33  -8.02   -18.74 
17.13   8.69    10.74   13.20   23.49  
3.20    2.07    -1.71   -21.26  8.95   
6.47    1.79    -1.24   -13.38  -6.21  
-2.57   -2.79   -8.99   -2.36   -7.27  
-6.17   4.86    -14.10  -3.09   8.66   
1.52    8.23    16.39   -6.82   -1.25  
9.31    1.34    3.91    18.45   24.99  
0.53    -7.13   -0.94   -10.68  0.90   
1.24    -2.93   -2.11   -8.40   -13.97 
-1.33   -10.02  0.58    -6.73   6.84   
-13.76  -9.41   -10.65  7.97    0.76   
-9.64   7.42    -9.14   -0.59   9.78   
3.12    5.86    -9.35   -3.21   -7.46  
-12.00  -12.60  -15.13  -8.09   -2.58  
0.44    7.20    7.10    12.30   1.35   
1.69    -5.61   9.13    10.34   -6.92  
15.11   -2.11   -12.76  -2.66   -0.14  
-5.91   8.84    -1.20   -1.50   -1.59  
-4.13   3.85    -3.52   -7.17   4.49   
-0.99   -15.04  -10.53  0.29    -7.41  
0.88    -1.03   3.81    -3.60   3.34   
3.31    1.75    -5.36   6.99    -0.33  
-4.48   8.21    -8.52   -16.46  6.51   
-1.90   -6.34   -2.27   13.63   -11.38 
3.42    -4.15   -14.85  -9.39   6.68   
3.64    8.43    -2.97   -9.66   -1.18  
-6.14   -0.88   2.62    0.36    -16.75 
0.03    0.24    -24.69  -7.53   -4.38  
4.97    2.06    -20.80  -6.52   -4.59  
-8.21   -5.04   -4.35   16.19   -5.69  
4.52    -1.14   14.66   -2.05   12.30  
7.94    12.95   -9.27   -12.51  13.73  
15.84   21.81   7.58    4.18    4.73   
-6.49   0.49    -12.11  2.50    -11.67 
-2.77   4.21    -3.97   0.58    4.32   
-9.92   8.68    -9.42   -7.57   -0.82  
3.28    4.82    -12.16  6.02    -0.88  
2.64    -7.40   -0.96   -3.92   4.86   
10.03   4.20    3.19    -5.24   6.42   
8.38    -0.16   5.15    6.53    12.19  
-0.60   8.65    -2.46   3.38    -7.79  
0.81    9.54    1.10    -15.28  9.01   
16.02   -3.30   -8.22   -1.90   8.49   
-10.14  0.52    -2.91   10.27   1.96   
-11.98  -3.30   0.71    -3.62   -1.22  
-3.32   -0.87   -2.75   4.89    1.43   
0.90    7.35    -11.85  -6.64   8.83   
5.61    0.87    5.05    -8.99   -8.37  
3.80    9.64    -15.94  -2.04   11.66  
-8.18   -1.13   -10.68  -4.71   -4.47  
6.06    0.07    -6.71   -4.41   13.74  
11.06   -14.52  -8.38   3.27    5.25   
-3.72   2.18    3.31    4.61    -4.38  
19.17   -7.05   -1.82   -0.02   23.46  
3.57    -0.38   8.26    -5.86   4.66   
-3.33   11.02   -5.73   11.54   5.06   
-5.75   13.05   8.30    -8.70   -1.62  
6.35    3.21    1.88    0.81    11.40  
-0.95   12.67   0.37    -1.60   11.94  
-18.69  -3.68   10.09   4.92    -0.16  
1.75    2.55    4.73    -1.01   1.12   
-9.36   -14.65  5.91    13.16   7.49   
1.79    1.93    -15.55  4.88    1.76   
-0.35   11.23   -6.51   5.07    5.94   
1.66    -2.42   -5.16   7.94    3.67   
7.45    -2.70   8.08    0.17    8.51   
-2.43   2.77    -3.66   7.68    -8.00  
-10.18  0.08    -5.97   -7.24   1.20   
-0.83   -2.75   0.23    4.76    17.05  
1.92    12.07   -13.06  -4.58   5.90   
1.48    15.34   -15.57  -5.19   8.06   
-4.42   4.09    -6.42   -15.98  -4.28  
0.60    -1.07   2.55    -6.92   7.29   
10.74   0.59    8.77    -1.56   6.91   
7.04    2.01    -6.07   7.62    5.27   
0.43    3.35    4.42    -3.69   1.24   
-1.05   2.53    -7.25   -1.31   10.66  
6.87    19.85   7.52    5.63    7.50   
2.32    -1.01   -1.23   9.30    -0.89  
4.71    -3.38   6.88    2.62    6.89   
12.33   6.43    -6.27   -9.60   15.72  
5.38    4.49    3.96    -4.78   -0.44  
3.56    -0.68   3.96    0.52    4.40   
-9.12   10.95   -1.30   0.51    -8.40  
-4.80   -4.62   3.66    5.71    -15.34 
7.65    12.58   4.54    -2.39   1.06   
-3.97   16.23   -0.82   1.34    6.19   
15.16   -1.98   -6.75   6.30    6.44   
0.42    8.48    -10.49  -19.86  -9.13  
1.75    7.31    0.65    -6.97   -11.25 
4.72    6.95    11.93   -17.18  9.66   
12.62   4.79    -2.83   0.03    7.36   
0.15    3.00    5.69    -2.50   1.43   
0.11    -13.80  -0.84   8.58    -0.57  
5.10    5.86    8.54    -7.72   -1.28  
-1.65   9.57    -8.45   2.62    -0.58  
0.05    3.89    0.74    -7.25   12.50  
-1.34   -7.55   -11.15  -0.02   1.30   
-12.88  -9.36   -3.44   -2.24   -6.73  
-15.54  2.79    3.40    -5.35   -6.46  
10.85   -0.89   12.71   3.98    9.35   
-0.72   1.23    -11.82  -6.95   1.73   
17.36   -7.11   3.11    -3.63   5.24   
1.24    0.75    -0.29   0.52    5.86   
6.14    1.91    6.81    0.42    4.28   
-0.07   -8.24   5.17    9.63    2.64   
12.10   9.10    -9.19   -8.93   1.64   
6.89    8.50    4.42    0.67    -0.72  
19.72   10.52   2.77    1.74    2.08   
-5.26   -8.63   -3.02   18.76   -7.62  
1.15    22.65   -9.44   -1.98   3.29   
14.66   25.06   -2.08   -4.38   10.79  
4.03    9.90    -3.55   -7.69   20.46  
10.02   -11.15  -6.35   5.79    15.29  
2.18    6.36    10.80   -0.45   -1.42  
3.94    -3.99   -3.02   -13.15  -8.70  
-0.71   5.49    7.98    -0.19   -2.03  
-13.70  -8.46   -2.65   -2.96   11.99  
3.27    6.85    -7.01   6.89    0.26   
-0.40   17.83   -3.28   -7.84   3.74   
1.83    -0.01   9.84    -3.81   2.67   
-1.26   13.56   -4.53   -4.85   -5.28  
-2.25   11.57   -2.29   -7.04   6.57   
-5.66   -5.48   3.03    18.75   4.20   
5.08    11.94   1.25    -9.34   -2.32  
-7.27   -4.11   -15.53  -0.50   10.71  
6.59    1.35    -0.72   3.71    13.87  
-8.88   2.70    20.84   -8.35   1.23   
6.65    -0.09   -1.18   -3.68   -3.91  
1.22    0.67    -5.24   3.21    -4.70  
-3.99   1.64    -3.13   7.10    1.33   
-13.02  -1.82   -4.16   10.69   -1.81  
16.55   8.08    -7.96   16.67   2.63   
11.41   3.95    -0.82   -0.69   -3.90  
-4.42   12.61   -12.04  -6.17   4.67   
-2.08   -3.00   -28.04  -11.51  8.98   
-10.89  4.41    1.11    1.59    0.19   
17.86   -18.75  -5.35   6.16    13.74  
17.23   0.67    4.27    -3.03   21.11  
0.64    10.63   0.96    -12.38  6.97   
-15.18  -5.84   16.00   -3.70   10.23  
8.93    -11.61  -17.48  12.35   7.66   
-5.38   -5.28   -3.26   0.40    -2.13  
-0.77   4.32    -5.95   1.27    -2.12  
-3.73   -16.11  -13.50  -12.23  12.76  
6.04    13.06   -1.04   -3.77   15.11  
7.84    3.39    -14.80  11.83   0.87   
-2.03   4.15    10.18   10.29   2.41   
-1.09   -20.91  -9.01   0.02    3.39   
-3.48   9.02    -12.78  -12.83  -8.15  
8.94    12.20   1.45    -3.43   -6.78  
-1.25   -7.46   1.09    -4.59   1.48   
-3.94   -17.67  -0.78   -1.68   0.87   
-4.63   4.80    0.37    5.62    -9.31  
-6.45   10.25   -2.28   11.81   14.78  
21.66   4.26    -2.36   4.61    19.79  
6.54    -2.49   -4.56   0.08    -9.39  
-4.83   -3.42   -13.04  -0.80   23.47  
-1.89   9.19    -3.03   -5.58   12.63  
7.94    -0.57   5.16    0.25    13.29  
6.82    3.19    6.77    2.63    9.25   
5.55    0.13    -14.54  5.44    16.97  
-7.18   -1.62   -0.83   -8.61   4.07   
-4.37   11.72   -5.54   -0.33   -6.58  
5.85    -2.88   -17.71  8.89    -5.86  
0.90    -7.05   -0.18   0.64    -3.48  
-1.13   -24.86  -10.06  10.65   -3.52  
-0.97   -6.62   -9.08   -1.11   -21.37 
-2.97   -3.41   1.49    4.91    4.95   
-12.33  -13.96  1.43    3.69    -1.39  
-6.59   10.61   3.53    6.32    -13.05 
10.06   -3.90   4.37    -7.71   13.93  
2.44    5.27    7.38    -1.06   -0.06  
10.56   9.33    -9.12   1.78    5.37   
4.81    -13.82  -14.98  14.32   10.74  
3.91    3.11    -9.54   -9.70   -7.81  
15.92   1.47    -1.36   9.44    -3.87  
2.67    -13.75  -0.05   0.41    -0.90  
5.70    -7.17   2.76    -11.89  -9.60  
13.53   7.36    -4.02   2.63    9.06   
-2.96   2.72    -18.59  5.84    -8.61  
-14.80  -7.18   2.42    -0.79   -2.56  
2.78    -0.54   -2.69   0.09    -6.98  
12.03   4.57    5.74    3.33    15.77  
-0.50   -4.66   -3.86   14.29   -0.36  
8.12    -5.53   -0.48   1.37    -0.45  
-5.53   2.21    -10.09  1.10    1.31   
-4.14   6.69    -6.59   -1.25   8.04   
2.33    -9.10   11.76   12.20   7.14   
3.50    5.48    -6.38   5.38    -0.19  
-14.04  4.61    7.35    9.37    2.64   
0.57    -19.11  -13.45  20.74   4.97   
13.28   5.88    0.43    -2.61   -10.56 
1.84    10.49   -11.75  -12.72  8.46   
-13.29  4.79    -7.98   -2.23   -7.05  
-12.69  -9.40   11.67   13.32   -17.02 
5.95    9.27    -7.23   -10.37  8.67   
-3.04   15.40   -11.93  7.33    -0.47  
23.73   5.46    -16.89  -4.29   -1.15  
5.64    1.66    -6.89   -3.49   10.13  
-0.36   5.19    1.39    -3.39   -0.62  
-2.57   -7.31   -0.51   -4.36   -5.13  
-5.25   -19.26  3.43    -13.97  -4.97  
-2.28   5.56    -7.62   -4.42   7.23   
24.69   -1.70   -0.19   -3.53   -15.87 
-13.68  -1.67   -9.11   1.67    1.44   
-8.75   3.43    -3.58   -10.73  7.39   
10.59   22.41   -6.45   -4.52   -6.96  
7.12    8.44    -9.74   2.98    8.38   
-9.81   -20.06  -6.04   12.74   -8.68  
-9.50   -4.44   -23.07  -6.62   1.39   
0.27    18.54   -2.48   0.16    -7.71  
1.58    -8.41   -5.65   -2.68   2.00   
-0.50   12.86   2.20    -0.60   -2.48  
2.10    4.49    -5.52   0.44    1.60   
14.41   -3.21   -6.21   -5.83   11.22  
3.34    -4.14   -10.34  -8.28   7.70   
0.44    3.62    1.01    6.98    7.64   
16.47   10.24   2.90    1.23    -0.42  
10.58   19.62   -13.73  6.06    -1.25  
-7.50   1.47    -6.68   -5.10   13.08  
0.54    -0.10   2.21    -2.65   11.82  
1.56    -7.25   11.75   -3.83   13.08  
-1.35   -3.59   -11.54  9.97    3.05   
2.54    -1.44   -7.16   4.37    7.97   
-6.11   12.03   2.16    -8.92   13.28  
14.74   -29.00  -5.50   5.13    -2.79  
17.36   15.08   -9.98   3.79    -9.12  
8.04    8.96    -11.66  11.75   3.39   
-0.79   -5.33   -17.69  -0.29   11.25  
-1.08   -3.07   1.34    -2.18   -2.75  
-5.91   -1.22   2.17    -2.62   9.72   
-4.65   -7.75   -5.51   6.30    -8.75  
-1.85   -2.50   -12.56  5.11    -3.68  
22.86   11.47   -7.30   7.50    25.50  
-1.23   -12.64  1.24    -3.24   -1.34  
17.64   8.26    -8.61   10.89   26.23  
-3.09   1.69    5.04    6.97    5.10   
-3.75   -0.83   -3.37   2.91    -6.47  
0.02    7.14    -9.56   -4.91   -5.77  
-16.27  -8.87   -13.88  7.26    6.69   
-2.06   -0.84   -14.40  -16.66  -5.93  
-2.15   -2.10   -4.03   5.20    8.96   
-12.34  -7.39   -3.43   -1.62   -13.05 
-13.97  3.87    -5.44   8.53    -1.00  
1.86    1.58    0.30    2.63    10.67  
12.96   -9.80   -7.28   -0.18   4.96   
-7.86   -16.11  -0.54   1.24    22.40  
9.86    5.42    -2.71   -7.52   17.49  
8.11    -2.93   -2.73   -25.68  8.87   
4.03    10.93   -15.50  -6.96   6.44   
-2.19   4.79    2.58    8.87    2.54   
17.16   -7.93   -5.83   10.18   -12.86 
-6.00   11.77   -5.28   4.09    13.99  
-3.10   -2.00   -0.53   -7.15   -6.27  
-11.80  -4.13   -0.58   5.34    6.11   
7.51    10.87   2.66    3.58    -0.85  
-0.57   0.58    -1.91   -2.36   3.45   
-3.82   -6.50   -1.71   7.49    -0.18  
5.42    4.43    -0.94   3.84    9.51   
-2.90   -14.27  -6.20   10.03   -9.91  
-9.88   10.57   0.18    7.50    6.96   
4.01    3.70    7.22    20.25   -14.85 
6.97    1.58    0.12    -15.45  -5.55  
1.02    -1.43   -11.43  -8.58   7.38   
8.97    1.30    -12.23  5.06    13.68  
-9.09   -4.37   -2.61   8.87    3.56   
2.36    -7.10   -3.05   6.77    4.32   
4.43    15.18   -22.76  -6.62   -2.67  
-5.37   -9.29   -14.53  -1.17   16.98  
-1.11   1.35    8.25    -1.59   1.61   
-12.02  6.20    9.28    7.25    -18.88 
7.00    -3.24   6.83    0.81    -10.43 
-3.94   5.55    1.03    2.36    -5.60  
18.03   -9.55   -8.79   -5.86   6.47   
-1.92   3.23    0.71    -1.62   0.38   
-0.53   2.96    -2.10   4.45    5.25   
-1.02   -9.00   -11.43  -8.39   -3.35  
-9.35   -3.23   -2.07   6.19    3.60   
-1.84   -8.40   -22.09  1.37    -0.62  
4.56    4.97    -2.56   -6.66   10.53  
24.60   -7.13   4.59    14.03   11.82  
-3.02   3.21    -11.88  -6.24   -0.03  
2.43    -12.18  -6.19   -1.80   -18.97 
-1.40   -1.76   6.39    -0.89   1.04   
1.31    -1.43   8.13    -3.08   5.54   
24.00   10.65   7.12    1.80    6.75   
-12.12  -8.01   18.32   9.41    -9.67  
2.48    -8.66   -3.90   -10.05  8.39   
2.73    11.17   -3.04   4.53    8.78   
-7.49   -0.71   9.26    -10.39  -6.33  
-10.00  -4.30   -4.55   7.18    -3.14  
9.72    0.39    -9.97   6.82    1.57   
-3.45   3.10    -0.55   4.51    12.11  
-12.93  15.84   -11.71  2.67    6.10   
-5.88   10.81   -7.53   1.13    -10.70 
3.71    4.15    -0.66   2.17    18.25  
1.68    5.40    -11.23  -9.94   11.13  
5.32    -10.35  3.62    4.80    -2.24  
5.86    0.97    2.92    1.12    1.32   
9.15    9.87    1.77    -4.85   -7.23  
-1.60   -11.51  -8.75   0.82    0.66   
2.58    -9.88   -1.52   -1.59   8.45   
-21.49  -6.48   -3.45   -5.76   -2.78  
-0.32   7.00    1.86    -9.69   -2.99  
-1.98   8.08    -9.76   8.79    -2.05  
-3.14   -12.91  8.09    13.02   -1.74  
-5.11   4.27    3.94    8.56    6.00   
0.22    3.45    -10.66  -3.86   -2.49  
1.60    -9.61   0.15    3.47    -15.64 
7.59    2.47    8.50    -9.45   2.42   
6.49    12.11   -5.98   -0.73   10.25  
8.88    2.08    19.19   11.61   9.77   
17.23   -7.05   -13.46  -0.80   -6.08  
-1.58   19.55   -16.86  7.69    -3.45  
9.55    16.73   0.54    -4.32   12.44  
12.39   10.17   -1.08   -6.36   8.05   
13.07   5.39    -5.98   10.79   8.91   
21.75   3.18    13.87   -18.38  0.98   
5.50    10.93   -5.02   -12.28  17.62  
4.37    3.81    -14.36  -11.40  3.02   
-6.63   -3.79   2.36    7.93    -11.31 
-9.77   -4.24   -6.23   0.42    6.75   
-7.65   -3.28   1.97    -11.95  0.09   
19.08   1.69    0.37    -5.68   0.98   
15.60   6.55    14.18   8.61    -2.23  
-13.48  -8.47   -0.33   -5.22   -0.29  
-3.89   3.61    -0.24   -8.65   12.04  
13.14   5.47    12.73   -1.61   12.55  
0.92    -4.12   -8.37   3.33    5.70   
1.34    8.04    -5.12   2.36    -0.81  
2.52    0.19    -9.02   14.06   11.58  
-7.66   -1.26   3.86    14.00   -9.97  
-9.15   -6.20   3.17    10.68   -9.95  
-4.89   -4.54   -8.35   0.92    5.36   
5.87    1.27    7.77    -1.60   7.79   
8.73    5.63    -2.86   -5.88   3.82   
-1.43   4.77    -5.74   -12.85  9.53   
-7.11   -10.06  -15.51  8.33    4.27   
2.94    5.79    -5.47   16.38   -5.53  
7.09    -1.58   7.11    -2.74   13.34  
3.51    8.78    -7.74   -11.01  11.18  
11.83   11.31   -5.36   6.09    16.22  
-9.72   -5.58   -4.29   -3.28   -1.01  
-2.30   1.45    4.30    11.15   6.92   
7.33    -6.15   9.28    -2.88   5.81   
9.07    2.41    -7.27   11.89   8.65   
-7.47   1.35    -12.54  5.67    -3.90  
0.74    -11.85  -8.86   16.54   10.60  
-2.90   12.56   7.78    9.00    -7.97  
0.23    -4.97   -11.08  5.25    -6.55  
9.81    -8.05   -12.42  1.65    -14.11 
26.69   11.28   -3.89   -7.28   4.06   
3.75    1.18    -17.98  -2.78   8.91   
-1.57   6.25    6.12    -2.54   -8.83  
5.27    -0.52   -5.48   21.38   3.23   
-3.94   3.38    2.93    -2.85   -0.05  
3.40    2.77    -8.24   2.44    4.96   
13.83   -5.42   -7.44   -5.52   -2.61  
6.91    7.12    0.52    4.40    11.11  
16.23   5.64    -7.60   4.89    1.24   
2.79    2.18    7.17    1.88    3.22   
-1.62   4.83    -14.60  0.32    1.17   
0.26    15.10   -6.43   11.45   14.83  
7.39    7.02    -7.73   -10.13  8.67   
4.46    -14.28  -9.14   8.24    -6.14  
1.15    8.35    -4.14   3.53    10.22  
3.39    9.39    -16.43  -8.95   12.81  
5.10    -0.91   -6.68   0.47    6.11   
5.40    0.50    1.40    3.31    9.88   
-13.40  1.35    -6.66   -5.03   -7.94  
-0.57   -4.46   4.99    4.06    7.97   
-19.01  -2.96   -8.83   -5.77   -4.65  
13.11   -1.41   -1.61   7.59    -9.95  
8.62    -10.27  15.82   -3.79   6.06   
9.26    8.56    -1.94   11.54   -3.02  
9.17    4.11    -13.13  4.19    15.13  
5.61    14.74   6.49    -8.50   -1.98  
9.80    15.94   -5.94   -3.19   0.54   
-3.57   0.08    -4.92   0.87    -3.43  
6.60    -3.10   -10.74  3.35    -4.48  
-4.82   3.63    0.70    -5.80   18.64  
12.79   8.65    -4.69   -6.66   0.75   
9.75    6.84    -13.57  0.52    1.39   
-0.21   0.38    0.79    4.03    0.84   
1.72    -9.82   -1.10   2.91    19.09  
-5.71   -1.25   -1.23   3.75    -0.81  
8.88    -3.92   -13.83  2.96    -19.07 
5.67    -1.02   13.01   0.50    7.57   
-6.91   -1.83   -15.98  -0.36   9.51   
13.28   -5.35   -4.18   -5.78   3.24   
6.83    -1.74   -13.08  4.91    -3.72  
-5.72   -6.45   -1.91   -2.51   -6.40  
0.96    4.73    -2.75   14.87   -7.86  
-2.76   10.79   -8.41   -6.52   1.28   
10.88   5.25    -2.01   -11.66  -1.29  
4.15    1.55    -5.38   -7.19   7.02   
9.83    -6.97   -2.18   10.05   17.74  
2.27    0.31    -3.77   4.64    2.89   
11.16   9.73    -17.51  5.55    12.87  
5.68    -7.36   -18.76  8.69    -5.21  
15.31   0.41    -15.91  -5.13   -6.85  
-9.12   -6.40   1.81    6.97    -2.71  
0.26    1.93    3.68    1.00    -4.03  
-9.92   -4.01   -7.21   -0.37   -7.37  
4.40    5.07    6.57    -15.53  4.87   
7.81    5.12    -4.52   -3.08   -12.80 
-0.96   7.29    0.66    -9.74   7.52   
-9.76   4.23    -0.02   3.16    2.59   
-2.15   -0.70   -11.80  -13.05  19.05  
2.41    6.47    3.07    5.27    5.99   
-2.65   -9.65   -5.07   -11.02  2.33   
-0.62   0.03    2.72    -4.31   19.62  
6.88    4.94    -12.92  -3.63   6.47   
-22.56  1.74    -4.96   8.30    -11.33 
-1.74   -6.83   1.83    2.95    -14.92 
2.42    -0.35   -6.34   3.92    6.87   
10.84   3.29    -6.54   -10.67  -3.76  
6.38    1.47    -1.49   5.53    -5.58  
-10.03  14.07   -0.43   0.66    5.83   
4.14    11.27   -9.14   0.15    13.11  
0.91    2.83    -6.83   -3.80   4.84   
16.68   10.64   3.24    14.27   1.67   
3.22    -0.53   -17.29  6.41    4.13   
-4.01   -14.07  -8.24   4.25    -2.56  
6.01    -7.82   -7.79   -3.55   -1.46  
4.26    -14.31  14.89   2.13    10.27  
-1.79   -2.45   2.65    -0.98   0.05   
-9.31   -10.78  -0.69   4.76    -15.07 
-11.12  -1.20   -2.17   -0.61   -15.30 
7.11    8.81    -6.64   6.23    1.14   
4.31    3.66    -0.49   -5.47   4.50   
2.78    12.61   -8.78   2.23    -6.51  
0.91    -0.93   3.74    -2.51   0.46   
-16.73  4.52    -0.34   11.62   -2.07  
19.05   0.19    2.22    1.94    16.72  
1.26    3.69    5.16    -3.38   -0.50  
0.58    5.44    2.58    4.36    10.55  
-6.06   -9.09   -14.03  -14.95  10.57  
3.79    -4.84   -9.11   2.44    1.85   
2.75    -1.08   16.89   -3.63   18.58  
-2.90   10.21   -0.40   -11.07  -0.62  
0.05    6.40    -14.47  12.30   13.20  
-0.47   2.60    -4.26   1.09    -11.79 
8.78    8.38    -5.62   1.62    -2.34  
14.26   -4.33   -8.75   -1.34   0.28   
6.46    3.90    -4.49   15.47   -2.10  
1.02    -7.34   1.22    -2.33   4.18   
9.98    -6.13   -11.35  -7.53   11.61  
0.03    2.42    5.49    -2.61   1.89   
4.65    6.74    -4.03   -9.64   12.28  
3.36    2.65    -6.94   0.90    2.88   
5.54    5.73    2.82    -6.68   4.04   
6.86    -1.22   -14.03  1.52    11.29  
2.33    28.62   -9.27   4.35    12.28  
-9.88   21.07   -2.22   7.04    -2.11  
-7.97   12.42   -1.33   -17.97  7.97   
-7.16   -10.60  -6.57   5.61    -1.76  
8.15    -1.90   -0.82   -1.55   -2.09  
11.12   23.23   -11.98  2.73    -6.63  
-13.78  3.04    -1.13   4.05    17.05  
4.49    -0.24   -10.74  1.66    9.72   
4.08    -11.20  -1.42   14.24   -9.83  
5.65    15.08   -7.69   1.12    8.47   
5.01    13.78   -11.87  7.02    -11.78 
-9.76   -0.77   -11.73  4.24    0.19   
6.72    -3.86   -28.39  -4.54   6.34   
0.51    -18.49  -10.10  5.15    15.73  
2.92    13.98   -10.74  0.37    5.75   
-10.35  -13.51  -3.90   8.80    -2.93  
12.24   -4.66   -4.62   3.29    -2.42  
3.92    -11.91  10.12   6.09    -6.38  
-0.07   9.62    -11.14  6.06    0.49   
4.39    -1.49   -19.13  2.75    5.94   
-0.18   -12.54  -0.37   12.43   6.23   
4.51    4.98    -8.38   2.80    14.16  
1.41    10.20   -13.45  5.98    6.19   
8.16    -0.07   -2.95   1.44    -8.35  
5.16    1.56    1.66    1.07    6.85   
-13.36  5.08    -4.53   -0.27   5.74   
5.36    -1.46   -2.67   4.60    2.11   
8.53    13.00   3.32    10.34   0.48   
0.27    -1.68   -2.78   -1.24   25.34  
-1.78   -4.63   -3.17   3.39    -4.12  
-1.59   1.94    -3.47   -0.46   3.38   
4.68    8.51    -7.93   -6.86   1.36   
5.64    -7.47   -10.64  3.86    -4.61  
-14.53  4.90    -6.20   10.53   -11.82 
-8.25   -4.65   -1.06   10.58   -4.71  
-18.87  -3.25   -5.63   -0.47   -2.35  
-7.68   -3.99   -2.23   11.06   2.89   
1.55    -5.92   6.70    2.59    -0.46  
12.76   3.12    -10.24  -10.68  2.43   
-4.02   -8.28   2.63    5.07    -7.92  
3.01    5.81    -13.42  -1.93   12.53  
2.48    0.13    -8.01   -4.75   11.54  
7.72    3.55    7.57    -0.18   -12.64 
-7.01   1.31    -2.06   -0.18   0.73   
6.30    3.35    12.98   -6.42   11.51  
7.61    -17.86  -11.64  1.36    11.74  
6.44    0.78    12.84   0.38    15.04  
-5.36   8.61    -2.48   -4.69   7.71   
-4.99   9.85    -10.33  1.41    5.60   
-4.31   5.12    2.52    -4.54   -2.53  
8.06    -3.56   -0.40   1.17    -2.29  
-2.03   -6.46   -1.89   0.49    14.70  
-4.33   4.35    -9.99   -4.04   -1.91  
0.71    5.70    5.24    -0.23   -2.58  
-11.69  -0.60   1.17    8.08    -9.85  
10.84   -3.76   -9.30   4.57    5.85   
9.93    -6.81   -2.09   -0.93   -4.77  
1.85    -6.70   3.24    -4.70   8.92   
13.60   8.76    -14.83  1.85    9.15   
-2.35   1.68    16.55   10.60   -0.27  
10.98   14.42   -9.38   -5.11   11.54  
-16.00  -2.82   0.46    11.87   -5.00  
-10.82  4.17    -2.75   4.38    -6.10  
-13.73  -1.55   4.58    10.38   4.05   
6.98    4.33    1.23    3.69    3.26   
-4.35   5.66    5.57    -3.62   -17.19 
2.99    5.88    -8.84   -6.95   6.00   
2.60    2.25    -13.18  10.36   1.63   
9.02    2.30    -12.57  10.15   6.83   
11.18   7.59    3.11    1.19    -6.17  
-3.30   -16.34  5.20    -1.06   16.09  
9.67    1.36    -3.87   -10.73  -5.88  
6.83    -4.25   -2.03   0.64    7.00   
0.08    3.61    5.03    -0.23   -0.67  
-0.43   2.43    3.38    -0.29   -3.09  
2.95    5.20    2.37    -7.70   -2.05  
-4.17   0.32    -3.78   5.17    16.31  
-3.17   -2.30   -7.12   14.33   -2.67  
0.01    7.17    3.03    -3.23   -2.02  
-7.29   -9.37   -0.80   -3.07   4.32   
6.73    -9.98   5.52    0.46    -4.29  
0.66    -11.74  -8.52   -4.20   0.65   
9.84    10.31   1.29    5.67    5.85   
5.46    -7.21   6.78    10.00   -15.55 
2.91    3.68    -0.93   -2.17   8.92   
7.45    -0.70   2.82    0.85    8.23   
6.38    -0.20   -14.52  -6.57   5.90   
3.65    -11.12  -1.31   3.11    -5.95  
0.18    8.65    -2.64   1.21    -3.93  
-10.57  -6.24   -6.19   15.75   -1.93  
2.86    7.30    3.34    -3.67   3.80   
9.58    6.28    -17.44  -5.32   7.80   
12.12   8.19    -4.09   -5.16   1.06   
11.14   4.56    -12.01  3.59    10.90  
0.95    -0.55   5.55    0.14    6.45   
5.03    -3.35   1.23    1.84    -4.21  
6.81    10.11   -7.06   -6.44   14.92  
-8.14   -12.53  -6.26   -0.06   -4.49  
11.53   -0.51   -2.13   15.77   -3.58  
14.54   -7.50   -4.71   -0.36   -13.58 
-2.60   10.68   -2.77   6.77    -6.23  
8.53    -4.07   12.40   0.83    2.72   
9.10    -0.62   -9.21   -6.15   15.92  
1.51    7.37    0.89    -2.93   4.64   
13.79   4.07    2.10    -0.72   7.27   
-1.57   9.97    -6.44   -2.15   -7.13  
8.99    10.33   -9.02   -12.99  4.10   
5.25    -2.16   -1.05   -15.44  8.02   
-1.32   15.39   8.68    -11.50  4.52   
3.02    -0.84   -3.81   2.05    4.10   
11.44   -12.09  -7.34   -2.69   11.84  
1.54    -0.45   -5.38   1.28    5.20   
-2.16   0.84    5.50    -3.29   -0.49  
6.61    12.41   -4.87   -12.31  -5.50  
0.53    6.64    -5.55   -1.13   4.33   
-0.94   -5.64   -3.70   -2.45   14.82  
-2.27   3.32    -7.39   14.05   -14.67 
15.91   12.20   -21.86  8.64    2.45   
-2.52   -6.37   -17.97  12.85   -0.91  
-2.07   2.78    3.44    0.63    -1.20  
-5.17   -11.72  -4.48   -0.35   -6.04  
-6.24   -6.12   -0.53   9.89    -1.75  
11.35   13.55   3.96    7.39    5.98   
-14.05  1.38    -19.85  1.78    4.33   
6.59    1.55    -6.87   -0.49   14.26  
-7.18   0.54    -0.46   7.25    -6.78  
9.39    3.84    3.24    -4.15   -6.73  
-15.33  -4.65   -3.20   7.15    -4.18  
-7.64   0.66    1.19    7.02    0.16   
-1.61   4.91    -2.08   5.87    -3.44  
0.90    8.66    -4.78   -10.48  7.81   
24.18   10.06   8.04    15.75   10.98  
2.62    10.06   2.06    -7.28   -10.84 
-4.70   -9.87   -12.42  4.65    5.00   
1.85    1.15    6.59    -6.38   -3.49  
0.78    2.01    -19.28  -9.86   -4.84  
1.99    12.14   -16.39  -2.72   1.70   
0.92    5.43    -9.19   -5.84   4.42   
10.64   -16.33  -6.36   2.55    -7.43  
-9.69   -14.82  -0.51   -0.44   10.88  
12.14   12.56   -5.38   -9.13   3.76   
-1.54   6.51    0.23    -5.60   15.80  
-4.06   -9.48   -5.51   8.01    -3.39  
1.05    6.15    2.22    -3.96   -1.65  
-8.09   -5.69   -14.30  4.15    -7.29  
-11.45  4.16    16.48   8.99    1.12   
-17.89  -8.00   2.02    5.73    -8.98  
0.76    -3.59   -0.24   4.89    -3.18  
0.16    16.00   4.60    6.16    1.42   
0.62    3.69    -11.32  -6.79   4.38   
-5.71   -12.24  12.83   5.47    1.01   
12.27   2.89    -14.38  10.69   10.21  
6.80    1.77    7.38    -16.50  -1.13  
5.64    6.54    5.86    2.61    7.50   
2.42    -13.18  -3.46   12.61   -8.42  
11.27   -0.12   -2.45   2.57    8.19   
0.65    -2.19   -5.09   -3.98   -8.72  
11.39   17.72   -13.13  17.64   13.08  
-5.92   16.78   -3.81   3.71    0.73   
6.70    8.08    -5.19   -8.40   1.59   
-8.10   -4.34   -8.53   -10.49  -8.78  
9.20    5.50    14.16   -3.56   4.40   
-5.40   17.87   -5.82   -9.14   -4.02  
7.33    -8.19   5.50    7.85    13.32  
-9.00   -12.93  8.82    16.50   17.30  
9.72    2.01    10.15   -2.59   6.43   
1.30    -5.50   -18.86  5.83    -13.40 
12.88   10.25   -15.05  -2.41   18.01  
8.45    1.67    6.34    7.14    18.58  
5.05    18.05   -4.29   -4.71   -8.51  
-10.38  8.98    -6.03   5.82    28.23  
9.60    0.04    -14.85  9.83    -4.18  
13.97   -17.90  -6.73   -1.18   -14.68 
-0.89   4.18    3.18    -2.34   -0.28  
7.94    3.58    1.33    -8.61   7.11   
15.00   -3.78   -2.35   4.44    1.73   
6.33    -4.82   -3.89   -4.84   5.61   
3.38    -3.19   8.97    -2.86   -2.65  
4.65    15.06   -11.46  8.41    -6.80  
0.71    3.48    4.45    -1.05   -2.19  
2.56    -1.19   2.23    -7.42   -0.33  
4.17    8.82    -6.31   18.86   1.29   
7.57    17.16   -5.89   -11.32  6.07   
9.91    2.08    2.21    -3.51   0.78   
-7.63   -13.59  9.28    10.32   -5.62  
13.24   7.41    -10.18  -5.68   10.83  
-3.10   -1.50   -5.45   -10.46  -9.01  
5.28    -3.20   6.47    6.99    -5.70  
1.84    5.24    -8.64   -0.54   16.57  
0.69    4.79    6.67    -1.40   2.83   
19.92   0.86    -22.95  -13.66  10.00  
-11.82  -6.50   -15.24  -16.42  28.25  
2.96    -3.68   -12.55  -0.92   5.05   
1.78    19.14   -1.33   -4.95   5.51   
8.83    9.11    -4.53   2.67    9.81   
2.52    -10.50  -6.03   4.36    7.54   
-2.40   4.91    2.96    -6.13   0.80   
-1.32   9.96    0.67    -2.02   8.54   
5.47    -4.41   -1.43   -2.29   6.16   
3.65    1.78    -10.99  -17.53  -2.63  
-7.75   -0.96   -8.17   4.05    -21.21 
-6.10   0.17    -13.21  2.23    -8.21  
2.98    22.50   -7.80   -2.28   9.41   
4.32    11.88   -11.70  0.20    0.28   
9.20    0.58    2.21    -1.50   4.15   
-2.79   -3.01   -6.19   -7.26   -7.89  
11.42   1.47    -17.15  -0.95   7.72   
-1.30   1.07    1.75    -3.41   -0.58  
3.77    -0.33   0.95    -7.86   4.05   
-17.28  6.00    -5.56   9.93    1.61   
-14.48  -9.16   14.05   16.33   13.21  
-0.72   4.36    0.80    1.09    1.56   
