-10.34  -7.25  
-6.48   1.84   
-4.19   -3.76  
1.19    1.55   
-10.62  -5.74  
-3.21   -0.53  
-6.54   -6.67  
1.04    3.38   
-4.67   2.00   
-5.26   -7.65  
-4.84   -2.65  
-6.24   -7.25  
-6.14   2.86   
-2.99   -3.96  
-1.01   0.02   
-0.78   4.15   
-8.39   -5.44  
-5.23   -0.26  
0.23    -1.93  
-1.25   -3.24  
2.06    -5.19  
9.72    4.42   
-3.00   6.92   
-9.51   -8.59  
-7.36   5.09   
6.02    -8.00  
-0.58   -5.58  
3.51    -1.53  
-11.10  -3.97  
-1.84   -2.49  
-2.90   -5.23  
-4.61   -4.43  
-5.22   -9.44  
0.44    -5.93  
-5.33   -8.52  
-8.68   -6.71  
7.85    -7.13  
-7.10   -2.42  
-10.17  -4.98  
-4.07   -4.14  
-9.55   -5.21  
9.69    -4.21  
1.30    7.65   
-3.28   -4.87  
-2.15   3.57   
6.05    5.86   
-14.65  1.91   
-8.75   2.68   
-15.28  -10.11 
-7.61   -4.25  
-8.82   -15.06 
-3.33   -6.15  
-9.71   -6.01  
-5.40   -3.27  
-5.60   -9.14  
-1.04   -0.60  
-4.84   -2.46  
-0.13   -2.80  
-20.26  -5.01  
-4.32   -0.59  
-7.81   -9.08  
-0.24   -0.68  
-4.73   0.10   
-5.70   3.40   
0.98    4.54   
-5.23   -7.08  
2.49    -4.05  
-1.82   3.87   
-4.96   -8.31  
-5.44   -3.54  
-16.34  -7.62  
-6.37   -5.45  
-12.16  -7.43  
-2.53   -8.56  
-9.15   -1.69  
-10.62  -6.41  
0.64    -0.50  
-4.83   0.38   
-8.25   -2.63  
-7.13   3.50   
-1.68   -7.95  
-0.52   -0.87  
0.88    -10.25 
0.46    -2.06  
-4.27   -2.63  
-12.73  -3.78  
-4.90   -2.29  
-13.01  -8.04  
-0.78   3.00   
-10.64  -9.57  
-5.75   -10.62 
0.28    5.92   
2.50    3.36   
-12.04  -16.53 
-13.73  7.62   
-2.37   -8.01  
0.11    -5.45  
0.05    3.68   
-8.07   -6.46  
-1.97   -5.92  
2.50    -1.69  
-6.81   -10.77 
3.28    -0.02  
-8.83   -11.66 
-7.48   4.07   
-9.08   -4.74  
-6.62   -1.97  
3.88    9.56   
-6.36   0.61   
-1.07   -1.92  
12.06   1.87   
3.50    -5.94  
2.04    -12.41 
10.10   3.54   
-12.81  6.14   
-5.72   8.47   
-8.60   0.67   
0.02    -2.71  
1.93    -1.59  
-9.31   1.56   
-1.89   -5.09  
-7.79   -5.73  
-1.92   -5.98  
-7.39   -6.58  
-4.19   -3.40  
0.47    -3.62  
5.11    4.48   
-6.05   -4.30  
-5.67   -9.28  
-7.38   6.57   
-11.03  -1.42  
-8.33   -2.77  
-10.89  -2.94  
8.27    -10.48 
-4.89   0.40   
-4.09   5.25   
10.70   0.01   
-7.10   -8.30  
-0.80   7.41   
-6.33   13.11  
-6.60   2.49   
-12.20  -3.58  
-14.16  8.95   
-1.15   -2.46  
-5.44   -5.45  
-4.83   -7.91  
-0.53   7.72   
2.08    1.26   
-14.06  -8.03  
-6.56   1.13   
-8.72   -3.13  
-0.31   -10.50 
-6.61   -10.58 
-3.73   -13.36 
-0.63   -0.49  
-7.54   -11.16 
-0.37   -6.55  
-3.35   -3.62  
-14.87  0.24   
-2.26   -2.53  
-11.78  -4.77  
-6.46   -5.12  
0.80    -4.13  
-10.47  -3.29  
-12.57  2.59   
-1.70   -8.42  
-14.56  8.43   
2.63    4.69   
-11.52  -5.90  
3.84    9.59   
-10.02  -1.00  
-7.36   -1.24  
-2.71   -6.97  
-21.30  6.73   
-15.01  3.73   
-7.00   -5.09  
-9.76   10.65  
-4.87   7.35   
0.07    0.28   
-2.18   -5.37  
-4.55   5.25   
-4.63   1.82   
-10.72  -7.38  
-0.58   -10.34 
-0.53   2.26   
1.75    -3.21  
-8.64   -0.64  
-6.76   -6.19  
-8.69   -1.83  
-5.85   -10.65 
-2.06   3.33   
2.18    -8.63  
-4.39   -5.99  
-1.63   0.66   
-3.95   -0.94  
-7.07   -9.99  
-8.40   -7.05  
1.29    3.95   
-1.60   -0.82  
-2.65   -7.26  
-14.01  -10.29 
-5.10   -5.07  
-5.47   -3.25  
-2.67   -8.74  
-9.37   -8.19  
-6.25   9.74   
-5.43   1.71   
-7.55   4.94   
0.28    -4.12  
-8.91   -9.85  
-10.25  -8.00  
-9.43   -8.38  
-13.74  3.15   
-7.02   -1.02  
-9.77   -7.35  
5.26    7.92   
5.40    0.01   
-3.58   -9.63  
-12.48  1.89   
-7.74   -5.40  
8.27    3.39   
-6.40   0.74   
-8.81   0.45   
-3.97   -1.01  
-1.11   1.15   
-3.59   -3.51  
-3.97   -7.22  
-10.06  4.21   
-17.61  -13.86 
4.49    9.61   
9.33    -8.63  
-10.41  -2.89  
0.62    -2.52  
-7.81   1.03   
-7.09   -5.36  
-6.55   4.96   
-8.10   -8.50  
-5.52   -6.49  
-11.84  -9.07  
-14.21  3.43   
1.55    -1.40  
-1.19   -2.01  
7.37    4.96   
1.17    -4.75  
-7.39   1.57   
-1.14   -5.37  
-15.83  -8.72  
-11.71  -4.85  
-1.12   5.42   
-0.66   -9.46  
1.07    -13.50 
3.12    -4.12  
5.43    1.83   
-3.91   0.74   
-16.87  -3.69  
-2.07   -2.39  
-5.92   -8.29  
0.95    -3.01  
-8.66   -0.70  
-4.94   -6.84  
-3.54   -3.55  
-8.41   2.80   
-17.45  -13.70 
-7.18   -0.59  
-6.65   -4.79  
-11.60  -9.78  
-0.87   -14.12 
-11.66  -0.04  
1.98    -7.26  
-0.50   -4.00  
-13.01  -1.09  
-5.45   1.12   
-10.30  -1.60  
-5.71   0.47   
-9.23   -2.03  
7.75    -7.60  
-8.00   1.70   
-9.24   -11.16 
-12.24  1.25   
-6.36   12.97  
-4.89   -12.04 
-11.91  -3.23  
-7.75   -9.32  
-3.07   -10.20 
-7.22   -10.16 
6.05    7.19   
-11.33  -2.62  
-11.70  -3.58  
-6.19   -3.76  
-2.61   2.02   
-10.19  -9.27  
-4.97   -4.71  
-9.89   -7.63  
-3.75   0.96   
-10.04  -3.43  
-3.33   -6.58  
-1.29   -5.71  
-5.97   -4.02  
-0.90   0.25   
-0.71   -5.83  
-9.12   -4.55  
-8.68   -9.28  
-2.57   -1.13  
-9.53   -0.00  
-10.98  4.07   
-5.93   -10.79 
-6.36   -1.82  
-6.03   -2.43  
-24.94  -10.28 
-9.10   3.38   
-0.36   1.72   
-8.74   0.85   
-11.34  1.68   
3.67    2.54   
-6.50   0.99   
4.22    -2.81  
-5.51   3.08   
-10.06  -0.70  
-8.29   -4.25  
-4.43   -3.13  
-9.44   -5.01  
-3.20   -4.71  
-3.24   -6.74  
-19.01  7.62   
-9.27   -4.07  
-1.87   3.62   
-3.03   -6.10  
-11.92  3.27   
-2.01   -7.01  
-17.13  -1.20  
-6.06   -9.24  
-6.29   -8.09  
6.02    -3.45  
-8.68   2.01   
-3.14   3.93   
-5.61   -2.01  
-1.74   -4.55  
-1.87   -9.31  
-6.82   5.27   
-7.32   -4.44  
-7.58   -9.50  
-1.73   -8.12  
-6.59   4.41   
-3.50   -9.01  
-6.30   3.08   
0.48    -7.76  
-5.49   -13.05 
-2.22   -17.11 
-7.34   -0.83  
-2.08   -0.79  
-1.23   -6.47  
3.31    -3.13  
7.43    -0.70  
-3.73   -12.34 
2.19    -18.93 
3.73    -0.02  
-5.54   -2.20  
0.67    -2.36  
-0.16   -0.66  
-8.97   -11.06 
-5.59   0.55   
-7.27   -0.67  
-7.87   0.40   
-1.29   -8.00  
2.57    3.29   
-0.59   14.97  
-3.61   5.89   
2.80    -8.61  
3.64    7.65   
-11.35  4.90   
-2.29   -12.89 
-2.84   -3.79  
-11.92  -7.60  
-2.97   -5.26  
-5.11   -2.60  
-6.92   -12.04 
-2.10   4.87   
-4.71   0.96   
-4.79   -4.77  
-2.61   -4.51  
-0.60   -7.40  
-8.77   -8.24  
-10.39  8.84   
-4.60   -0.19  
-1.97   -0.07  
-3.13   -4.13  
-11.23  0.74   
-7.04   -8.62  
-7.61   -4.45  
-2.22   5.38   
-7.17   1.97   
0.66    -1.52  
-6.54   4.83   
-15.08  -3.96  
1.42    -2.08  
0.00    1.12   
-6.11   -0.39  
-4.41   -7.35  
-0.24   -1.57  
-10.32  -3.38  
-5.81   -3.29  
-5.00   -0.80  
-6.72   2.89   
-3.92   -2.73  
-7.68   -0.60  
-13.95  0.76   
-6.18   -2.74  
-3.08   -2.85  
5.68    -2.92  
-4.01   -12.36 
-10.61  -7.91  
1.14    -3.62  
-12.43  4.84   
-3.22   -0.86  
-9.86   6.84   
-8.63   -2.80  
2.70    0.57   
-10.35  1.46   
-2.21   -1.27  
-4.88   -11.24 
-4.68   -2.58  
-8.67   1.88   
-1.84   5.84   
-15.64  -3.95  
1.15    1.42   
-2.17   -0.29  
3.81    -5.61  
-5.10   0.70   
-1.87   -6.23  
-1.76   -10.86 
-6.55   -11.13 
0.67    4.62   
-8.18   -2.73  
-14.43  -14.59 
-3.59   -1.53  
-9.95   0.80   
-1.20   0.58   
1.40    -5.70  
-0.15   -6.62  
-4.70   -0.71  
-5.58   -2.33  
0.93    1.41   
-10.18  1.76   
-7.38   -2.28  
-3.87   -11.48 
4.64    -11.24 
0.48    1.35   
-6.39   -1.33  
-6.00   3.27   
-8.80   -1.76  
-0.81   -3.69  
-6.70   -7.51  
-4.39   -7.39  
-3.62   1.94   
-8.67   3.59   
-13.32  -2.14  
-2.54   -4.25  
-8.55   0.91   
2.48    1.85   
3.50    3.66   
-8.27   -2.18  
-2.37   2.51   
-6.25   -8.78  
-5.58   -10.42 
-8.87   -9.88  
-6.75   -7.86  
2.47    -14.37 
2.35    -9.27  
0.06    -0.31  
-5.78   -7.50  
-9.15   -6.64  
0.56    -0.39  
-5.92   -9.68  
-6.45   4.20   
-3.84   -2.68  
2.27    -4.63  
-3.47   -5.54  
-20.48  -0.20  
-1.70   5.00   
-12.16  -5.79  
1.87    -5.86  
-7.37   -1.84  
-9.69   0.90   
-3.80   -1.53  
3.29    -3.89  
-1.28   2.26   
-8.25   -2.11  
-8.02   -3.56  
-4.74   -5.21  
-13.27  3.69   
-4.86   -12.30 
-7.25   -0.89  
3.58    5.31   
-7.26   1.29   
-3.63   -7.37  
7.23    -9.85  
-14.16  -10.39 
-4.40   -5.97  
-5.23   -8.35  
-10.34  -8.50  
3.26    -10.30 
-7.05   -4.41  
-6.66   -1.34  
-14.79  4.61   
-4.68   1.24   
-1.81   2.94   
-10.33  -7.42  
-4.81   0.99   
3.44    0.36   
-5.92   3.91   
-2.79   1.73   
-14.25  -2.82  
-6.38   -6.39  
7.38    -0.99  
-5.80   -1.44  
1.88    0.95   
-8.27   -0.89  
0.43    6.83   
-6.42   -6.18  
-1.70   4.99   
1.26    3.38   
-2.69   7.82   
-10.57  -6.99  
-4.07   4.98   
-9.44   5.90   
-3.63   0.51   
-9.80   -10.03 
8.57    5.38   
-8.05   -1.80  
-4.53   3.21   
-2.45   -0.82  
-8.96   -4.27  
-13.72  -1.11  
-6.64   -1.07  
-1.90   -6.86  
-0.05   -6.59  
-5.01   -0.39  
-6.34   1.87   
-3.96   11.03  
-14.87  -0.95  
-6.57   -6.86  
-14.18  -1.93  
-1.57   3.31   
-6.59   -0.21  
2.53    -2.47  
2.17    -5.00  
0.08    -1.19  
-1.46   4.61   
-3.88   5.07   
-1.93   6.77   
-8.34   6.15   
-1.70   -9.31  
3.66    8.88   
-8.96   -3.35  
-5.55   -0.88  
-4.57   -4.20  
10.60   16.97  
-0.17   -6.50  
-11.81  -0.98  
-9.44   -2.68  
-13.44  -7.03  
-1.99   -4.91  
2.42    -1.56  
-10.23  -4.30  
-13.10  1.27   
-2.46   -1.25  
-11.65  -5.58  
-17.11  -10.35 
-4.97   -7.96  
-5.34   -6.92  
-1.10   0.62   
-4.90   -13.19 
-6.05   -14.08 
1.58    4.33   
-7.14   -6.15  
-2.13   -4.43  
0.83    5.69   
-16.09  -10.47 
-12.89  -7.33  
-6.74   -3.49  
-4.73   -2.37  
-10.20  -7.85  
-8.16   -7.62  
-0.90   -1.99  
-3.05   -0.92  
-5.39   -5.71  
4.88    2.93   
2.52    -2.99  
-10.04  3.58   
-6.44   -5.89  
-3.85   -5.58  
-10.61  -1.15  
-10.93  -8.72  
-8.70   -6.83  
-17.30  3.76   
-2.75   -0.34  
-12.17  9.36   
-12.27  -8.35  
-7.97   1.27   
-8.00   -6.85  
2.78    4.42   
-12.68  -4.51  
-8.14   -5.86  
-7.77   -5.13  
5.43    13.05  
-3.38   3.40   
-2.17   -1.57  
-9.91   -1.46  
-14.76  4.29   
-4.42   -5.81  
5.42    -6.08  
-2.36   2.94   
-1.31   -6.46  
-3.73   -11.49 
-15.75  -6.00  
3.37    -6.44  
-10.86  -6.88  
-11.69  5.00   
-7.27   -1.01  
-6.87   0.93   
-9.83   -3.75  
-8.63   -11.29 
-6.47   -8.73  
-12.27  -10.85 
0.36    -6.50  
-4.30   2.44   
1.51    -7.53  
13.02   -12.10 
-11.13  8.04   
-4.40   2.49   
-0.91   -2.94  
5.31    -0.15  
0.09    -8.63  
-6.66   9.56   
3.89    -12.09 
-1.92   -3.71  
-14.68  2.49   
-5.55   -6.86  
-13.19  -2.47  
1.93    -3.28  
-5.65   -4.35  
-1.63   -1.46  
0.61    -13.60 
-4.60   -3.82  
-10.77  -8.16  
4.36    -6.24  
0.87    -3.71  
-15.32  1.40   
-6.82   -2.88  
-3.48   -7.94  
-13.81  -12.10 
-4.55   -1.59  
0.08    -12.52 
1.67    1.98   
-10.01  -5.55  
-10.53  -2.60  
-3.16   1.02   
1.51    -11.47 
-1.60   -8.04  
-10.05  -7.29  
-6.94   3.92   
-0.13   4.74   
-3.51   -7.49  
-5.66   -10.69 
-10.05  -6.25  
-9.35   1.68   
6.02    7.70   
-1.30   -5.78  
-3.20   -3.63  
1.16    -9.54  
-13.68  1.86   
-13.65  -6.61  
-11.32  -2.29  
-1.76   -2.38  
1.21    -6.01  
-7.26   -16.38 
-4.91   3.36   
1.64    6.74   
3.23    -9.80  
-6.52   -6.65  
-2.62   -7.66  
-9.87   1.70   
-11.76  4.58   
-7.86   -8.96  
-0.20   9.21   
-2.10   -7.76  
1.89    -1.29  
-9.67   -14.53 
6.58    10.16  
12.44   1.79   
-15.79  -8.09  
0.49    -16.58 
-15.97  -8.56  
-9.63   -7.28  
1.57    -4.45  
1.73    -2.36  
-11.56  -2.31  
-11.38  -3.07  
-1.13   5.98   
0.43    -5.49  
-10.22  -12.15 
-4.89   -4.25  
-11.67  -1.69  
0.09    2.51   
-4.92   -7.45  
2.09    2.13   
-12.11  -11.71 
-16.98  0.27   
-4.25   -1.76  
2.85    -4.01  
6.23    2.97   
-3.53   -7.41  
-1.47   -6.50  
-6.95   8.19   
-4.35   3.84   
5.84    -2.18  
-1.87   1.04   
3.24    1.31   
-11.53  -1.65  
7.32    -9.35  
-12.34  -0.41  
0.16    -1.08  
-0.11   -5.58  
-7.48   -1.99  
-7.72   4.94   
-10.85  -5.39  
-5.83   0.20   
0.00    -7.35  
-15.48  -1.10  
-13.42  -3.48  
-7.57   -5.96  
-14.54  -14.21 
-15.35  5.05   
-1.98   -0.22  
-7.27   -5.65  
-4.30   -9.45  
1.22    -3.32  
-5.91   0.33   
-11.87  -4.95  
-12.24  -10.28 
-7.41   -4.62  
-6.52   -10.11 
-8.50   3.11   
-5.16   -8.93  
-6.62   3.37   
1.10    2.51   
3.91    5.35   
-1.41   -11.00 
3.36    -17.73 
-1.02   -11.46 
-2.34   -7.80  
-14.16  -8.82  
-4.13   -5.08  
-11.15  5.94   
-16.21  -6.15  
-14.16  4.34   
0.94    2.96   
-11.36  -5.67  
-0.17   -3.25  
-9.85   -0.68  
2.05    -5.56  
-11.67  0.63   
2.42    8.45   
-6.68   -2.25  
3.67    0.53   
-5.37   -7.86  
10.58   18.64  
4.42    -4.65  
-2.36   -12.71 
-4.06   3.58   
-1.73   -5.36  
-10.86  -1.34  
-11.02  -3.44  
-1.41   -1.78  
-11.57  -0.55  
-5.47   0.15   
1.19    5.71   
-0.88   -9.04  
-2.10   -2.82  
-3.96   -5.29  
-4.56   -4.93  
-8.80   -7.33  
4.83    -9.32  
-6.99   -10.42 
-5.45   -4.10  
-8.18   -6.26  
-2.79   -0.45  
-5.65   1.31   
-0.45   -7.71  
-4.06   -4.36  
-4.10   -5.67  
-4.11   -5.43  
-10.65  -2.56  
-7.72   -11.20 
-10.34  1.23   
-13.36  3.54   
-2.78   -8.03  
-2.45   1.95   
-14.59  -2.21  
-6.95   -12.15 
-6.03   0.15   
-8.34   -6.64  
6.92    -10.07 
-16.28  -4.46  
-6.11   11.51  
-3.76   -3.68  
-10.26  -4.78  
-6.48   -6.02  
-4.70   -12.34 
-3.70   1.22   
-4.77   2.49   
1.10    -0.93  
-1.58   6.17   
-6.34   1.46   
-9.05   1.78   
3.48    3.57   
-12.07  -7.57  
-1.63   1.15   
-11.73  -5.92  
-12.41  -3.84  
0.61    -1.75  
-11.78  -4.92  
-12.73  -6.77  
-14.94  1.04   
-3.66   1.24   
-7.64   -3.38  
-9.47   -6.35  
-7.22   -2.83  
1.25    3.54   
-3.75   -1.51  
-1.07   -2.10  
-0.82   0.63   
3.74    2.72   
-0.36   -7.64  
-0.52   -10.67 
-7.46   4.24   
-5.36   -6.48  
-15.33  -7.67  
-7.28   -5.63  
-10.85  -4.74  
-9.64   -2.71  
-14.63  -9.49  
-11.76  -1.92  
-0.03   6.45   
-9.16   -2.84  
-21.29  -5.59  
-2.82   -10.67 
-14.79  3.29   
-14.68  10.89  
-8.22   -3.16  
-5.15   11.19  
4.83    8.65   
-9.77   -6.54  
2.04    4.56   
6.07    -8.97  
-2.46   0.71   
-3.64   8.96   
-3.33   -2.47  
-10.69  1.94   
-8.16   3.35   
-0.51   1.82   
-9.86   -8.73  
8.34    2.54   
-0.20   -6.10  
2.53    -0.46  
-4.60   1.40   
-1.24   -0.88  
-9.01   -11.99 
-9.38   -8.22  
-8.88   -6.88  
-5.60   -4.49  
-8.76   -5.91  
-9.62   -6.44  
-1.52   -10.13 
-3.50   -6.47  
-16.76  -8.97  
-9.78   0.73   
-6.74   -7.36  
-7.87   -4.30  
-3.90   -2.77  
7.10    -9.40  
-3.17   1.51   
-8.42   -0.93  
-2.09   0.07   
3.08    0.99   
-2.23   0.22   
-8.75   0.81   
-4.38   15.02  
-11.61  -9.59  
-4.72   11.27  
-5.56   -0.95  
-6.81   -1.73  
-9.23   -16.64 
7.42    -0.24  
-3.77   14.29  
7.44    2.14   
-1.64   7.43   
-7.82   -2.20  
-7.18   -9.71  
-1.49   -4.43  
-7.93   -0.56  
-3.37   -7.69  
3.48    -10.15 
-9.41   -2.17  
-1.67   -7.18  
-5.14   -11.19 
1.12    2.06   
-18.19  0.49   
-16.50  -3.53  
-10.36  -8.52  
1.73    -5.88  
-6.81   3.84   
3.46    -3.04  
2.71    0.94   
-8.74   4.25   
-1.92   -3.51  
-9.65   0.17   
-12.62  -2.78  
-9.23   -6.78  
-6.95   -1.31  
-13.05  1.69   
-2.20   -2.07  
-7.87   -0.32  
-9.21   -1.94  
2.84    -10.87 
-12.14  -1.94  
-14.20  -2.15  
-3.00   2.54   
-4.41   -1.93  
-6.49   6.49   
-7.86   -10.75 
-3.19   0.43   
-1.73   6.10   
-12.00  -5.66  
-12.59  -13.65 
-10.13  8.31   
-5.98   -2.44  
-9.98   -4.93  
-4.83   6.31   
-11.17  8.74   
3.12    2.04   
-7.08   6.91   
-5.81   5.48   
-5.46   -8.46  
-4.70   -1.34  
-5.07   -5.14  
2.71    -8.14  
-8.84   -3.98  
3.97    4.69   
-12.40  -6.00  
-12.85  -6.02  
-10.89  -6.86  
-1.75   -12.25 
0.05    -3.59  
-5.95   0.64   
-6.33   -1.67  
-2.92   -0.70  
-1.68   -9.09  
-7.66   5.93   
-6.56   -2.43  
-6.68   -10.13 
5.12    4.57   
-11.49  3.30   
-2.10   -5.77  
0.22    -9.65  
0.35    0.75   
-3.88   -6.55  
-7.31   -8.53  
-17.03  -9.24  
-1.29   -7.58  
-11.22  0.63   
-6.44   -0.65  
-0.32   -10.59 
-2.24   -3.89  
-2.77   3.87   
-12.05  5.16   
3.23    -7.65  
-3.77   0.68   
8.85    -5.34  
-3.29   2.65   
-0.61   -3.02  
-13.50  -3.35  
-5.59   -1.05  
-1.58   1.57   
-6.48   1.27   
-5.52   0.30   
-3.97   -2.17  
-12.12  -9.47  
-1.41   1.34   
-4.31   -12.34 
-2.36   -3.99  
-8.58   -2.85  
-9.90   -4.89  
-2.44   -4.26  
-9.25   -0.84  
5.36    -4.97  
-2.87   1.47   
-1.75   -9.82  
-5.09   6.02   
-10.25  -2.30  
