16.98   14.00   -14.94  4.51    -3.58  
10.19   8.17    5.59    4.44    -1.24  
-10.74  14.58   -7.47   5.02    10.08  
6.84    1.87    3.11    -4.79   11.09  
15.89   16.57   -3.36   -3.82   -2.86  
6.03    15.96   9.89    -1.67   -9.77  
8.10    13.88   0.08    1.91    -4.59  
2.52    -1.11   18.85   7.12    0.40   
-1.98   1.03    -8.36   -9.53   10.00  
-0.36   3.70    -7.72   3.48    3.64   
4.79    18.67   3.95    5.63    -2.43  
15.43   -3.81   6.03    -4.56   -8.97  
-12.72  -9.44   -1.93   4.11    5.04   
2.06    -4.54   -0.32   8.28    -4.47  
-2.58   8.97    10.22   5.87    -4.33  
-5.01   22.29   -9.37   1.05    -0.60  
-1.48   1.51    6.18    1.79    13.20  
-6.29   -9.65   3.80    -5.44   -5.30  
-2.75   -7.26   4.13    11.92   -3.42  
-9.51   -2.71   4.91    16.60   2.30   
9.43    4.01    8.59    5.74    -4.13  
-5.68   8.25    3.91    -3.35   3.18   
2.30    11.36   14.87   19.92   -10.96 
-11.93  -10.34  -9.12   7.39    -12.23 
3.95    12.47   0.91    9.47    -3.19  
-0.21   20.98   -10.87  2.86    0.24   
1.45    -3.36   2.93    -3.42   1.86   
-1.77   11.44   0.78    2.63    6.02   
1.53    2.30    5.93    -2.65   2.05   
-10.74  -8.54   9.35    10.49   -3.55  
-0.16   -13.32  9.39    1.38    -2.18  
8.27    -1.62   20.99   -0.21   8.22   
1.17    -1.58   3.30    -0.68   7.31   
16.50   5.35    -6.71   1.83    1.81   
3.26    13.75   -9.79   -1.56   -6.61  
-3.38   6.41    -0.04   5.28    14.61  
6.24    -20.50  -12.64  14.33   -4.18  
-14.32  0.68    -0.92   12.02   -9.68  
2.93    2.73    8.34    9.06    -3.17  
-5.10   -0.26   -5.07   0.51    -10.40 
-1.86   -11.56  -8.90   32.46   10.71  
0.68    10.07   9.50    -1.16   -13.53 
-13.07  -7.80   -1.26   15.40   -13.27 
5.05    1.02    -3.94   12.32   -9.51  
0.87    -5.13   16.46   1.82    -4.38  
-6.91   11.19   -5.01   9.11    -3.22  
8.04    9.86    21.56   11.17   -20.44 
6.46    4.53    1.25    3.42    -7.48  
3.27    0.30    -13.97  4.50    1.81   
4.49    -2.26   -6.75   2.96    7.41   
12.49   11.82   9.54    9.15    -1.42  
-3.97   4.84    1.15    9.77    -11.76 
9.02    6.46    -14.78  2.54    -3.74  
-2.67   -1.44   -10.36  -13.30  1.07   
3.22    4.50    0.21    11.70   -3.66  
-9.04   6.08    5.60    7.34    -7.01  
-2.54   -2.04   -8.69   13.47   6.46   
-5.76   12.01   -2.48   11.18   -11.17 
8.29    4.76    -14.51  12.77   3.70   
-3.83   19.25   -2.27   -2.90   4.67   
-0.01   -4.39   -7.76   19.41   -1.44  
1.44    10.88   0.87    8.62    6.70   
5.76    6.25    -2.33   0.66    -10.17 
1.60    -4.93   -7.67   12.95   0.91   
0.51    5.49    11.88   5.27    -15.61 
10.98   3.20    -3.60   5.02    3.97   
-4.14   2.80    0.17    -5.09   3.03   
7.71    5.79    -1.77   16.54   7.53   
-7.00   10.14   8.96    -6.53   2.55   
8.77    -6.48   3.27    9.66    -1.61  
3.51    1.74    12.46   13.50   11.47  
5.01    17.99   5.08    18.80   -3.02  
6.57    12.31   -0.12   2.21    0.28   
-0.69   -1.43   -2.39   -0.05   -8.30  
-8.50   -7.58   0.07    6.31    2.33   
-5.82   8.14    5.36    16.46   1.27   
-0.47   4.44    -0.44   -15.51  6.13   
-5.35   9.63    -2.00   11.91   5.47   
-7.22   -6.89   -4.25   9.15    -8.17  
-7.88   5.88    -2.52   23.34   0.61   
9.17    -1.72   -12.97  17.25   -2.52  
0.07    9.07    21.33   2.57    5.30   
9.00    -20.66  -0.51   12.97   -5.27  
-3.17   12.82   7.31    8.07    -5.57  
-2.29   5.92    3.76    2.70    -1.72  
8.82    2.28    8.14    3.62    -4.03  
-3.40   -4.06   -7.72   12.05   6.16   
-8.14   1.33    7.03    -0.21   7.72   
-11.78  8.93    3.55    -7.27   5.64   
4.61    -2.81   -7.96   10.11   -6.44  
9.60    25.28   12.54   9.36    1.81   
3.08    4.29    14.64   2.98    1.34   
3.80    0.94    -5.46   4.38    -3.61  
6.06    0.79    -22.00  -9.48   -4.10  
-3.59   2.58    1.20    -2.47   -0.87  
-13.35  -0.46   1.64    0.27    -1.61  
2.79    7.38    -4.22   23.01   -27.34 
-7.77   5.60    -6.30   1.59    0.83   
-12.43  6.68    -14.91  9.77    11.30  
-4.05   7.43    -13.84  1.74    -11.96 
6.86    9.02    -5.33   -10.10  1.64   
5.29    9.33    -4.71   5.06    -3.71  
-13.82  7.86    -7.95   -3.78   0.28   
-8.48   -1.42   -13.00  22.38   -10.89 
-4.21   14.38   -7.93   11.88   -1.86  
6.91    -5.63   -24.44  -3.51   -7.30  
13.40   -3.01   -1.44   9.44    14.89  
-7.32   4.10    -0.10   -0.90   -8.27  
-9.90   -12.80  -6.00   7.40    -0.86  
0.23    -9.84   1.64    3.15    -0.42  
1.43    14.21   13.11   -1.30   -8.38  
2.01    -2.52   -1.62   10.54   1.55   
-0.43   2.55    11.77   -3.06   -12.33 
-4.23   13.70   -5.92   11.38   3.51   
14.30   11.43   7.27    6.35    -8.67  
-4.69   12.20   9.51    12.42   2.63   
-12.11  20.49   0.79    7.52    11.55  
-3.36   9.06    -1.26   1.66    -11.99 
2.97    8.40    3.35    -4.02   -7.37  
-1.10   0.15    -1.05   -4.19   22.26  
4.34    -5.56   11.06   11.24   6.45   
-1.01   -0.02   -7.20   8.54    6.47   
9.78    16.57   6.58    6.12    13.93  
5.48    13.63   -17.12  3.78    4.77   
2.49    -5.20   -0.02   11.95   -7.42  
13.00   13.18   -3.53   8.07    -5.49  
6.90    -7.34   5.88    -8.87   -3.35  
1.07    6.81    -1.09   -7.87   -2.24  
-12.32  -2.39   -7.62   -4.12   -6.84  
2.67    8.31    -4.99   -2.44   8.59   
-8.39   -8.54   -1.75   10.09   12.35  
6.37    -2.84   2.24    4.42    10.63  
-7.73   -6.25   3.44    5.07    0.81   
0.64    0.49    -12.32  -8.41   -5.03  
7.62    9.14    6.58    9.69    -5.76  
-0.12   -3.00   -9.78   2.22    -8.83  
7.16    12.62   -2.40   -0.25   -4.36  
-3.02   -5.78   -0.60   1.61    21.23  
19.40   11.68   -6.88   14.10   0.06   
1.65    16.87   17.33   -1.81   -1.48  
3.43    -16.94  -0.84   3.02    5.46   
-2.76   9.58    -0.29   -0.87   -3.35  
13.25   -1.96   7.08    6.72    -10.46 
-6.30   -13.43  -6.41   -8.56   9.39   
2.06    -9.43   1.88    5.78    -5.86  
-14.02  -3.64   -0.30   5.35    -12.74 
9.34    12.35   8.88    11.55   -3.65  
7.88    11.18   -5.05   5.23    -13.93 
-2.93   1.78    -11.52  15.14   2.80   
-4.10   11.19   12.43   14.40   5.82   
-4.10   -2.87   -17.77  -17.49  6.37   
9.59    4.24    8.54    10.74   -9.58  
25.38   2.97    7.83    15.87   -10.52 
-14.29  -0.36   0.71    9.46    3.94   
-1.51   -5.58   -6.77   11.49   -6.03  
-8.90   5.34    2.99    5.78    -10.98 
-2.82   4.00    -3.11   17.68   -4.39  
1.95    -12.95  -3.80   2.56    2.43   
-5.88   10.24   -17.44  10.68   -16.00 
-15.76  -8.42   -10.52  5.86    3.07   
-9.80   -18.80  -2.81   -2.94   1.86   
-14.13  -12.66  -6.61   2.92    -7.35  
-1.68   -4.81   -9.86   -0.19   7.07   
-0.44   17.75   15.35   -10.91  8.43   
-5.82   12.33   3.51    -2.56   -5.99  
-5.60   -7.67   -5.55   16.80   2.26   
-6.54   -1.54   8.52    6.67    -0.39  
-0.26   -3.75   8.08    -5.38   -10.03 
-10.53  -5.64   0.26    11.12   -7.71  
7.46    10.27   2.89    1.31    -11.18 
-5.53   15.89   4.55    -2.85   -0.28  
1.87    8.98    -0.00   -5.33   -12.33 
-4.36   16.44   1.39    10.43   5.35   
-3.66   -6.41   -6.47   11.73   6.63   
1.58    6.36    -2.25   -2.67   0.28   
4.88    1.79    11.81   9.86    -0.82  
12.88   32.72   3.87    -1.52   -6.87  
-1.12   -6.85   10.16   3.21    -5.58  
8.29    2.80    13.96   10.52   5.77   
10.01   9.93    -3.02   -4.75   -5.58  
8.87    0.01    -7.54   14.18   4.80   
1.83    -2.53   -16.34  -14.59  -5.80  
5.41    6.88    1.13    -4.16   -3.36  
-8.83   -10.86  -24.06  20.56   -7.97  
11.19   14.84   -2.46   8.69    -9.26  
-8.86   -3.47   -4.56   6.01    14.79  
4.08    -1.09   22.56   10.04   -8.53  
-3.55   1.10    3.63    16.81   2.50   
-7.07   -0.93   -3.94   -2.37   2.70   
-3.39   5.24    10.57   0.79    13.32  
10.21   22.35   -0.27   -6.53   3.24   
11.39   5.17    -0.15   0.60    -4.50  
6.40    14.92   -8.68   -6.99   -7.05  
-2.68   -5.32   -3.44   7.52    11.39  
10.63   4.07    1.65    -11.72  -3.42  
-0.95   -15.43  -4.18   -9.64   -1.18  
6.64    14.75   6.06    10.33   -10.98 
1.91    -6.14   -9.41   -5.54   -1.86  
7.61    18.19   2.63    7.14    -11.44 
4.81    -4.83   -3.85   7.04    7.91   
1.09    -1.51   -4.98   -1.13   -7.22  
0.06    0.93    -1.21   7.34    -2.73  
4.47    8.60    8.89    -0.01   -3.82  
20.40   7.50    2.27    10.63   4.87   
3.82    -8.98   -6.39   14.11   14.18  
-10.96  -17.16  3.25    7.27    5.91   
6.55    16.81   -3.22   -20.55  12.21  
-1.86   -5.91   1.56    12.86   4.18   
12.82   8.22    1.77    -2.94   -20.51 
-2.28   6.03    -6.96   2.01    -0.71  
-5.14   -9.28   9.93    6.51    -13.50 
-5.83   3.23    0.90    5.69    4.67   
-2.72   3.68    2.58    15.73   -18.43 
5.94    7.98    -0.35   11.81   -6.40  
4.94    -5.96   -7.69   -10.21  1.84   
-8.55   6.49    -5.68   18.73   13.54  
6.15    9.45    2.14    7.33    2.69   
1.30    10.11   -6.67   11.01   4.80   
-0.02   -1.48   0.88    5.10    -7.22  
4.36    2.58    8.33    4.46    -2.31  
-2.70   11.02   14.33   -3.95   6.39   
-1.05   13.15   8.30    -0.30   -0.41  
-2.73   6.75    0.50    6.63    -13.83 
-3.65   6.78    0.15    5.50    18.70  
15.11   -11.12  6.46    2.92    16.97  
2.73    2.60    -1.21   -5.71   16.49  
-3.62   11.38   2.77    -1.35   3.65   
6.83    -10.60  -10.20  -9.49   -6.43  
-8.99   3.66    -3.24   12.70   -1.10  
-14.50  -7.30   2.68    13.86   -4.71  
9.10    0.77    6.89    -1.89   -2.31  
-2.79   2.79    8.17    -10.77  -3.87  
11.24   -0.93   -10.09  7.97    -12.40 
9.42    6.76    -3.82   7.12    0.75   
11.56   8.41    0.94    1.61    -3.40  
4.12    6.49    -6.23   4.29    7.89   
19.50   4.79    1.31    5.96    -16.99 
-2.52   9.21    7.01    -10.61  1.04   
-2.50   -8.25   -12.23  10.41   -2.98  
10.94   7.29    10.32   -7.03   6.17   
5.10    -2.87   10.17   -5.56   -7.17  
4.98    5.29    8.44    4.85    -20.98 
-0.12   9.21    -1.74   2.50    -2.92  
-9.34   3.66    1.62    7.28    7.09   
1.72    11.90   14.06   -11.55  -7.09  
3.72    -3.69   2.23    -14.85  -8.12  
9.21    -1.79   -0.41   -11.93  -0.72  
-1.45   9.73    10.79   7.52    -8.17  
-3.25   11.04   -5.98   10.21   -3.69  
-1.49   7.89    -3.70   10.97   0.44   
2.49    8.82    4.92    -0.28   6.10   
-9.53   -9.72   14.35   16.34   2.70   
-2.44   3.67    -5.25   9.39    -3.19  
-3.98   5.78    -11.10  -2.18   -3.48  
0.01    17.53   13.29   -8.93   -10.69 
1.59    6.19    -6.82   -11.15  -7.00  
-4.83   15.57   -3.77   -4.05   13.42  
-7.53   -2.11   -2.32   -6.05   -7.02  
7.31    6.68    11.33   -4.07   4.09   
8.36    13.13   3.63    7.68    4.26   
-9.85   -10.65  -7.53   -0.88   -5.26  
-9.65   14.48   5.65    -4.74   -8.43  
-5.86   1.79    -0.48   0.18    -2.14  
-2.14   -6.65   -6.31   19.62   4.15   
14.19   14.30   -8.39   -1.30   -2.81  
0.78    5.94    11.36   4.27    -2.70  
13.13   15.49   16.39   -5.55   -17.61 
-13.63  7.45    -16.17  16.51   13.74  
4.73    6.15    -2.88   5.95    -20.77 
-1.47   14.60   -4.88   -4.02   -3.50  
-6.26   8.13    4.22    -0.18   -4.08  
1.74    8.24    16.60   6.98    1.35   
17.11   9.73    -7.57   10.77   -16.77 
-20.26  12.14   -2.78   -2.44   7.56   
-13.89  8.15    -6.95   2.06    -9.87  
16.76   -0.00   8.08    -5.97   -0.61  
18.66   11.05   11.87   1.38    -0.60  
-10.03  4.23    3.95    0.90    -15.95 
-6.82   3.60    0.65    26.33   -16.87 
-11.89  4.35    -11.03  -0.24   2.35   
-8.77   -20.29  -3.84   6.30    2.57   
4.34    11.14   7.49    11.09   -12.11 
6.67    -0.90   -3.69   17.70   -0.44  
-8.22   0.97    -15.44  -5.99   4.86   
-13.25  0.06    -1.52   9.43    10.61  
5.14    20.46   0.23    3.21    -21.78 
-3.04   -7.00   -2.93   16.89   -11.71 
-0.49   5.18    19.34   13.22   -6.09  
-0.76   17.01   -2.71   1.71    6.86   
2.73    -7.27   -13.35  3.84    -6.54  
1.26    10.61   -17.50  22.80   -5.73  
-12.75  -0.03   -6.31   9.41    -14.57 
2.09    4.78    -8.27   10.56   7.95   
-13.83  4.32    -3.76   6.37    2.23   
0.34    6.29    2.06    -0.75   1.00   
6.05    7.03    -4.36   2.20    0.26   
-2.78   16.47   7.99    3.63    1.34   
-5.43   -4.40   -4.34   10.20   0.83   
-3.50   -12.70  -2.63   3.98    -9.56  
11.38   12.50   5.91    3.63    -17.25 
8.94    0.83    2.03    4.16    -9.15  
-4.65   -13.39  1.24    18.70   9.41   
-0.84   -4.98   -7.78   3.29    -4.09  
-7.12   -2.90   5.64    17.61   -26.14 
9.91    3.18    -4.47   12.11   -13.57 
-9.52   7.20    4.84    -2.77   10.62  
-12.44  -3.71   -16.81  2.85    -7.36  
11.15   17.58   6.58    -3.11   3.96   
-10.48  0.35    9.79    0.07    7.63   
5.45    4.82    5.97    -6.20   -4.89  
-3.05   4.04    4.84    4.65    -9.32  
10.75   11.77   -5.46   -8.25   -0.04  
3.47    13.13   4.75    -1.63   -0.23  
3.47    -0.24   -9.29   -3.26   -1.10  
7.84    -0.22   -3.22   -5.75   -15.40 
0.73    -0.22   -9.99   12.95   1.75   
-1.29   -11.85  6.19    9.12    0.12   
-2.28   -11.52  8.22    15.94   -9.57  
5.37    14.86   9.84    -0.12   -2.23  
1.44    10.60   -2.87   10.34   -3.27  
7.36    13.45   2.23    -6.60   -17.33 
-0.27   1.06    -1.72   12.87   1.39   
-0.24   6.46    2.27    -6.14   1.17   
-17.75  16.77   -21.53  1.98    -4.21  
-13.14  13.70   -25.72  -3.80   -1.84  
-0.95   -9.01   5.57    -6.71   12.99  
-0.60   7.48    0.64    -8.79   -15.48 
-8.98   -9.72   -0.05   8.89    -0.13  
7.56    -1.51   -16.37  6.09    -15.56 
-7.71   -7.24   -16.53  2.49    -1.21  
-3.91   10.74   8.60    12.35   -7.44  
12.45   -5.10   10.49   9.80    9.85   
12.22   1.90    0.99    -5.06   6.66   
-2.86   7.22    -3.52   -0.32   -4.47  
-13.02  8.32    -13.35  10.66   6.98   
6.63    -13.33  -2.81   3.59    -12.42 
0.93    12.38   -12.49  7.24    -12.10 
-3.65   2.33    -11.03  11.77   2.86   
-1.46   4.97    4.54    18.07   -5.59  
5.51    5.02    11.70   -2.75   -8.19  
10.41   4.05    -4.50   1.48    -4.94  
0.04    10.58   -10.09  11.93   7.38   
-9.08   8.05    -8.89   2.97    4.12   
-4.66   -6.62   14.37   8.38    -3.16  
-3.04   0.42    -9.72   0.18    -5.23  
3.31    6.41    0.23    6.08    -5.25  
5.48    4.27    8.98    11.72   -0.07  
-2.34   18.52   5.49    7.44    -1.86  
2.18    -1.83   18.07   -3.93   2.91   
2.97    11.44   -10.77  3.93    6.97   
6.17    12.10   -8.30   0.89    -1.85  
-11.39  1.45    7.48    -0.62   -3.75  
13.97   11.54   -3.65   1.99    5.03   
0.15    15.94   -27.58  4.58    -16.22 
5.87    18.78   0.30    -4.93   14.02  
1.41    -12.09  14.38   7.49    -4.12  
-3.18   -3.22   7.11    -9.07   3.57   
-5.52   10.26   6.57    3.58    -2.48  
-9.31   -1.24   2.27    4.84    -8.24  
6.76    6.65    -18.20  5.68    -1.20  
-15.14  -6.64   -12.33  -10.38  1.72   
4.11    5.47    -2.78   27.08   -14.97 
7.75    12.05   -11.40  4.78    -19.76 
4.09    -2.94   0.30    1.54    9.66   
-9.37   -16.52  -0.07   -6.03   -0.74  
14.81   12.84   -6.01   -1.63   -6.04  
8.93    -16.62  -14.58  2.92    -2.02  
-28.31  5.03    3.61    -1.52   -19.33 
14.49   -8.75   -11.71  1.87    -0.63  
-0.16   18.85   -8.35   11.31   -6.77  
9.33    11.66   4.10    10.21   5.37   
-7.00   -5.92   -5.06   12.03   -1.49  
5.74    7.11    -12.93  -6.74   -13.19 
-8.90   6.71    -9.95   13.42   -5.85  
-1.55   -11.21  -2.14   1.78    1.34   
11.87   15.55   25.60   6.79    -9.83  
6.40    -16.25  -11.59  -0.15   -13.19 
-2.63   6.14    -8.78   14.82   -17.68 
-1.42   16.06   6.37    -3.12   8.00   
-10.96  -3.84   7.15    1.01    1.09   
-14.66  -0.16   -6.44   -0.20   2.00   
2.86    12.50   4.90    6.15    -9.21  
3.84    -21.76  11.45   11.23   8.12   
8.84    13.26   -3.71   4.30    -3.63  
-0.38   0.76    4.01    6.79    7.93   
1.03    -6.02   3.69    -7.65   -11.65 
-7.23   6.78    -10.09  16.62   5.61   
9.18    5.19    8.14    -3.27   4.33   
4.09    -1.29   -5.61   9.02    -13.61 
-4.05   16.13   9.44    7.55    6.34   
2.29    5.75    16.91   9.16    -13.15 
-9.15   0.74    -2.47   -0.91   12.03  
-12.20  -6.54   14.79   7.91    4.26   
6.07    -3.82   -1.00   4.77    -3.82  
-14.97  0.90    -6.88   4.03    -4.13  
-13.58  7.56    3.31    -2.61   18.31  
8.39    3.33    -0.95   5.48    -14.95 
-14.80  -9.59   12.59   11.03   6.03   
2.98    18.84   -5.73   4.99    6.07   
0.73    -1.57   0.47    -15.19  -25.51 
2.03    5.61    7.15    -1.52   -16.47 
-17.79  -1.74   7.60    22.78   -3.71  
4.26    7.14    10.86   6.23    -8.50  
6.24    13.48   13.35   -0.96   -6.44  
6.98    15.47   1.76    -0.58   3.57   
8.95    2.54    3.20    2.93    0.89   
-0.32   -5.13   -28.24  17.46   5.73   
-2.29   -4.98   4.11    13.19   9.77   
-9.65   -6.93   5.34    3.29    -19.17 
3.21    6.55    11.83   6.33    -14.34 
0.04    8.87    -8.26   3.36    -5.50  
7.22    18.44   16.89   2.71    -0.55  
-1.88   -4.63   -1.36   13.24   0.16   
-0.84   10.78   3.77    5.10    7.63   
7.11    1.32    1.16    4.68    2.21   
-4.37   -2.56   -11.31  8.32    -6.58  
5.12    -3.04   14.09   -3.23   0.67   
-3.47   1.35    -3.61   13.24   3.94   
1.76    -10.53  -7.44   1.07    -13.70 
-13.30  -6.82   -10.69  0.10    -8.04  
5.96    -10.54  4.37    6.94    -12.04 
8.25    5.66    5.53    5.76    -4.61  
-2.78   16.21   -2.80   -9.26   -11.87 
-0.04   20.11   -5.40   -0.89   0.45   
14.39   8.04    17.78   4.79    -0.08  
-5.06   3.53    -12.61  17.77   -1.32  
16.40   8.40    -9.15   4.33    -6.21  
12.18   4.85    -2.11   1.63    -6.48  
0.49    -1.24   -6.19   -0.95   1.09   
10.60   6.72    21.87   9.59    -5.35  
-1.48   0.97    6.17    -1.33   7.37   
-4.66   -6.55   -4.56   5.94    -3.44  
-11.13  1.97    -5.48   10.32   -7.64  
-6.62   8.12    -1.52   -6.91   -19.37 
9.74    -6.62   0.89    -7.93   -11.64 
3.76    -7.19   11.25   9.69    -6.96  
-9.99   10.07   8.18    6.54    -5.16  
-17.02  1.25    -0.92   13.90   -10.84 
2.70    8.00    4.93    12.95   2.54   
7.82    10.82   2.81    -1.43   -0.20  
-2.95   1.24    11.33   2.99    -9.62  
-11.49  7.97    -17.61  -1.96   16.31  
-5.68   11.04   6.55    12.71   -15.08 
-6.68   4.02    -13.52  19.35   -8.71  
-2.58   13.35   2.41    12.66   -5.74  
5.56    1.40    0.48    12.95   -6.71  
-10.86  -6.28   -2.14   1.35    2.88   
-3.51   9.48    0.52    -8.02   0.39   
17.01   9.67    5.70    4.31    -2.57  
4.63    -2.01   7.72    29.20   -6.31  
-6.10   -7.50   -6.23   19.46   0.50   
-10.95  0.23    -7.52   5.85    4.25   
2.92    19.16   -4.30   -4.45   14.20  
-12.23  -5.77   -2.10   5.57    9.19   
5.97    15.32   -5.87   -2.52   1.76   
14.91   10.81   13.57   -3.72   -4.80  
-8.73   -2.96   -6.10   4.17    -4.24  
0.20    -6.24   7.94    9.21    5.50   
-5.56   3.30    -4.17   16.84   -1.91  
6.92    14.16   6.95    7.22    7.41   
6.84    -3.15   -6.34   0.39    7.97   
0.72    1.11    0.07    4.02    -2.16  
13.97   5.68    8.36    -1.91   -6.96  
1.22    -5.56   1.34    4.64    -8.87  
-13.30  2.00    10.13   4.59    3.06   
14.64   7.04    5.42    -0.31   -14.72 
-2.20   8.27    -3.93   16.29   -4.63  
11.65   -3.98   -17.11  3.06    5.08   
8.49    7.93    6.40    -4.13   -6.11  
3.02    9.62    5.74    8.14    -0.14  
-9.64   10.99   -2.08   9.04    4.97   
-9.72   8.26    1.28    7.69    -10.85 
6.30    -6.37   -9.93   -1.21   19.62  
1.47    0.65    -15.71  14.62   9.95   
-1.43   -11.88  12.10   5.44    4.40   
5.36    15.59   -1.01   8.57    -1.06  
-8.47   -7.81   13.32   -2.70   12.04  
-3.83   14.53   5.38    3.79    -14.86 
-0.95   5.36    1.17    -0.53   9.57   
2.00    3.23    -2.92   8.64    -11.04 
3.84    14.20   1.37    -5.74   -10.94 
2.99    7.52    14.35   -3.68   6.50   
1.27    -11.50  -5.82   -8.70   0.97   
-3.29   13.89   2.07    -4.84   3.35   
0.05    15.27   -14.07  11.19   -12.05 
0.27    3.77    5.04    -5.84   1.34   
5.43    13.36   4.88    -0.68   0.39   
3.33    -13.32  3.71    -2.49   14.95  
-13.16  -5.38   11.63   11.42   3.13   
-7.86   9.78    -0.35   4.30    12.56  
0.32    3.77    -11.68  -3.35   -10.48 
-3.96   1.68    -1.00   -4.37   5.83   
6.59    8.45    3.48    3.30    2.49   
-13.80  17.11   6.03    -8.66   -2.03  
-8.63   -8.28   -7.71   12.84   -6.50  
9.27    1.51    1.81    15.96   9.92   
-10.40  -1.12   3.47    23.82   -0.23  
14.21   21.74   -9.50   3.90    10.40  
2.00    4.23    0.14    4.44    -6.40  
0.33    -0.84   0.45    15.16   -16.19 
-4.44   3.84    20.69   2.49    -5.58  
-10.39  1.17    -4.00   11.99   6.93   
4.60    -2.01   -9.81   10.63   1.25   
-9.72   3.06    6.86    1.58    2.04   
-5.87   -4.99   0.88    3.61    11.11  
-11.58  2.42    8.04    1.61    -7.07  
19.49   -3.44   5.75    1.33    2.40   
-8.04   -16.48  3.23    8.77    -4.68  
4.96    12.11   -9.76   7.19    -5.57  
3.11    -4.63   11.28   8.20    -11.23 
1.02    -14.19  -7.59   3.25    -6.16  
10.27   3.32    7.47    13.07   -6.64  
-13.99  -0.05   -2.77   -0.56   -1.14  
5.43    -10.15  6.59    22.84   -0.05  
8.43    9.06    8.14    -19.68  -4.92  
0.81    -5.23   -0.29   14.76   5.79   
1.52    12.71   6.75    -8.42   3.63   
-10.14  8.99    -4.73   -0.70   -7.23  
11.54   7.71    1.88    12.44   2.81   
-9.88   -6.51   -0.95   18.42   -11.66 
8.35    1.93    -5.03   12.03   -16.48 
-1.59   12.75   14.95   -2.76   -3.70  
-15.40  8.90    6.29    3.07    -21.81 
1.34    0.34    6.45    14.59   -6.45  
-0.36   8.62    7.92    4.64    -17.27 
-0.56   -3.35   -13.63  3.30    5.15   
10.53   7.80    1.02    7.34    2.46   
-12.92  -14.16  -5.84   0.66    5.46   
-3.61   -5.65   6.78    3.45    -21.89 
18.70   1.15    11.97   -10.61  -11.46 
-7.82   -16.33  -5.05   0.59    1.20   
1.70    -0.22   14.09   -0.91   11.12  
-15.94  -2.42   -11.28  0.38    -18.34 
6.34    3.27    -4.34   3.02    -11.42 
4.33    3.27    0.39    -7.01   7.14   
-21.01  4.44    -5.02   2.40    10.80  
-12.15  12.18   8.51    -8.68   -0.75  
2.34    7.93    -26.35  7.22    -10.14 
5.87    11.16   -0.78   11.89   -2.01  
-3.09   11.03   -2.13   -0.62   -4.30  
-0.64   -7.06   -8.70   -1.05   13.92  
-2.80   1.02    -9.30   18.50   -13.51 
-12.90  8.59    -10.52  12.23   5.61   
-1.50   16.02   -7.92   1.37    17.61  
-11.83  12.87   -17.66  5.93    14.89  
-9.75   0.05    6.49    25.33   6.14   
-12.03  12.36   -13.73  18.56   6.02   
-0.59   12.38   8.83    0.87    -1.69  
-15.21  10.65   -8.02   10.77   8.12   
-4.08   -4.99   -3.51   -6.10   11.97  
-6.86   5.75    2.02    13.20   -4.50  
-1.34   7.00    14.06   5.07    20.69  
1.06    2.76    10.27   4.67    -5.24  
-2.91   16.06   17.16   7.33    -0.77  
8.43    -7.11   -5.72   13.95   -8.44  
10.88   8.58    -0.38   0.81    -6.05  
5.70    -5.73   6.63    16.42   6.82   
0.81    -10.05  0.68    4.41    5.56   
5.70    9.51    10.32   12.94   -11.42 
1.91    13.14   1.37    2.35    5.17   
0.82    -1.49   -0.72   -2.25   3.99   
-9.30   5.46    -2.50   2.17    4.31   
-0.09   -8.76   -5.24   5.05    10.89  
-6.27   11.16   -0.01   -0.15   11.99  
-11.20  5.02    -7.56   16.90   5.31   
-8.19   0.34    -2.13   0.75    1.18   
-6.70   -1.94   6.48    2.99    15.05  
2.11    13.15   3.40    3.90    -4.42  
-1.64   4.11    -1.95   12.92   -6.61  
11.59   -3.15   -4.78   -6.06   5.22   
-2.48   -3.21   -1.02   10.13   7.12   
-6.10   6.94    8.61    5.23    12.92  
7.23    6.68    19.69   0.70    -19.66 
-14.11  6.23    -6.07   6.82    3.83   
0.08    10.10   -3.30   1.49    -9.36  
-5.68   -1.89   6.70    12.39   1.47   
11.01   5.18    -8.34   -1.14   2.45   
7.85    7.48    10.21   9.44    -4.69  
-7.54   23.62   1.95    12.34   4.28   
-4.68   0.94    -12.77  3.00    12.40  
4.12    7.42    9.95    14.28   5.17   
-2.58   -7.84   -0.14   14.40   5.75   
1.30    10.11   7.73    9.19    19.10  
-10.11  1.73    1.38    8.26    0.32   
8.08    5.07    -1.29   16.60   6.07   
-19.09  9.32    -2.60   5.51    -6.20  
-0.98   15.55   4.53    4.43    -6.19  
-5.88   -3.99   -2.47   -13.19  -11.16 
-0.35   7.14    6.90    -2.82   -4.83  
8.32    -0.70   -3.68   3.21    -10.80 
-0.06   7.41    4.26    2.60    -6.02  
15.57   4.77    7.52    -2.22   -7.56  
8.58    3.16    -18.67  24.24   -7.83  
3.11    2.06    -13.36  10.91   -2.67  
-5.99   10.61   -6.45   4.89    -0.33  
7.98    3.58    -1.40   18.58   -20.23 
-12.86  5.05    0.73    7.95    -1.40  
0.84    -8.34   0.18    0.20    -8.46  
5.85    4.00    10.38   -3.04   -20.72 
-8.96   0.10    1.38    4.87    -0.67  
15.11   13.19   3.97    -10.35  -10.64 
-11.76  7.68    -0.59   15.83   -3.08  
5.21    10.01   -5.03   -2.68   -10.16 
3.91    5.02    -5.79   11.74   -1.40  
-14.06  2.45    -0.43   0.87    -5.83  
-11.15  21.07   -6.65   18.35   -0.75  
15.88   8.47    2.81    9.77    -0.11  
-1.40   14.66   -6.01   1.13    8.58   
1.70    -2.67   5.99    12.76   2.89   
7.23    5.15    -2.82   -0.40   -10.36 
1.65    5.95    7.49    -10.59  10.36  
-0.65   -6.17   -3.67   11.58   13.46  
-4.82   10.25   2.29    0.68    1.98   
-11.33  -7.30   2.26    1.64    9.33   
2.02    5.02    7.38    -8.76   -3.04  
-7.64   8.45    6.00    3.15    -3.78  
4.51    6.53    -9.64   0.75    6.98   
9.39    -0.95   -0.15   6.27    -3.77  
-2.22   7.77    18.54   15.91   3.63   
-1.81   -10.16  8.00    4.62    4.60   
-3.77   3.94    -17.99  9.78    -0.14  
-1.25   -16.05  -1.29   19.36   -0.81  
-0.01   13.07   -1.51   11.10   -8.72  
8.29    6.51    -20.82  1.21    -9.55  
1.94    -0.43   0.29    -7.50   -6.52  
13.53   -3.24   -0.64   17.96   -10.43 
2.12    16.96   19.18   -4.45   -17.07 
-5.32   3.13    -2.04   16.07   0.06   
4.21    -9.53   -10.02  -2.91   -1.76  
5.28    11.33   -7.46   23.12   9.76   
6.90    -4.23   0.16    -4.64   -15.34 
7.63    10.01   -1.72   0.53    -13.81 
-4.77   16.09   -1.26   -7.50   -7.72  
-13.17  10.40   -5.50   11.12   -0.52  
-1.45   -7.23   7.51    5.24    7.08   
-6.19   9.19    -6.73   4.16    -8.62  
4.80    8.87    -16.68  -0.47   5.92   
-1.41   6.20    -1.06   11.32   -1.00  
3.21    20.29   8.04    0.84    9.15   
0.67    16.91   1.60    7.54    -8.72  
5.42    8.79    -16.70  11.61   -12.90 
-1.07   17.00   5.60    -3.56   13.11  
-13.96  21.82   0.07    15.05   -11.62 
7.88    12.10   -6.83   1.90    8.31   
11.13   1.06    7.62    -0.40   3.50   
-3.01   7.69    -7.70   5.55    3.16   
0.89    -6.96   -22.21  10.90   2.66   
-1.01   1.85    8.95    -3.57   -2.12  
-2.29   -10.38  1.43    2.94    -4.03  
0.32    -0.18   0.66    6.25    -5.33  
4.45    4.51    8.74    13.87   -6.42  
-1.33   9.03    -5.44   31.09   1.85   
1.85    4.92    -6.04   10.42   -2.46  
-6.50   -0.70   1.54    16.52   -4.91  
2.30    3.37    0.43    7.71    -6.40  
10.96   16.89   -11.27  0.85    12.68  
5.50    10.07   -3.17   12.69   -11.23 
2.81    -1.22   12.06   5.08    -3.36  
-16.79  19.22   -15.91  21.02   -4.28  
-5.30   15.27   4.96    4.05    -2.36  
4.38    -3.22   13.66   -4.12   -15.97 
6.80    -8.03   -11.87  9.22    -18.01 
-13.40  -4.35   -14.30  -7.24   -6.03  
5.65    -11.21  -16.66  24.11   15.10  
-11.54  -8.17   -7.13   6.02    4.12   
2.43    12.52   -7.09   4.99    3.63   
0.79    9.28    -0.96   5.22    6.78   
-9.96   12.12   0.50    17.08   15.65  
-1.45   -6.10   -3.86   -7.45   -8.16  
-6.40   1.41    4.07    -1.64   4.37   
-7.83   -12.07  2.38    -6.15   6.47   
0.13    2.01    -11.59  4.39    -3.15  
-11.18  -8.33   2.65    3.51    -0.59  
4.70    6.98    1.64    -3.42   6.41   
2.66    -6.47   -9.69   14.26   14.53  
-24.98  5.86    4.07    0.62    9.93   
10.76   -1.00   0.65    16.47   -7.40  
0.91    -7.06   -1.70   0.65    12.86  
0.11    -8.58   6.83    -1.25   -5.00  
-3.15   -1.92   -11.46  4.37    3.58   
-11.60  13.61   9.70    10.50   3.32   
4.00    11.67   -5.63   5.15    -16.03 
-2.57   8.37    -8.18   6.90    -17.74 
-5.56   5.85    6.78    -2.57   1.57   
9.76    -6.09   4.03    4.27    -0.60  
-1.86   23.17   0.58    9.24    -7.85  
6.08    0.18    2.33    7.94    7.34   
-13.94  3.87    5.37    10.98   -9.38  
12.85   2.18    -3.61   -1.35   -25.79 
8.33    8.88    -6.89   3.44    -9.76  
2.84    10.32   5.30    5.42    -5.66  
1.22    -3.31   -2.12   4.44    -6.13  
-19.18  8.18    -6.27   12.57   5.07   
3.45    17.15   -4.62   11.51   -7.49  
0.21    3.52    -0.94   -6.09   -9.62  
0.15    16.38   1.12    -12.90  3.96   
-4.02   15.41   15.17   3.46    -9.88  
-4.08   7.30    -3.39   -8.30   -4.08  
-15.48  -4.83   -14.74  -8.49   1.86   
11.55   -5.96   10.97   0.29    -8.90  
-5.36   -5.32   -8.35   5.19    -5.06  
-0.79   6.35    -8.71   10.92   -11.26 
4.35    5.24    -3.18   11.90   -11.61 
-6.14   -1.05   -4.99   -4.49   3.90   
0.37    -3.60   -6.65   12.83   -4.25  
-6.10   1.48    -4.92   -1.22   -1.06  
-16.09  -0.55   6.64    3.00    8.48   
7.09    4.98    -9.00   3.07    2.67   
6.53    -14.69  12.70   -5.11   -6.97  
-8.30   -4.30   -3.29   -1.62   7.95   
-4.09   4.94    -5.61   5.94    -1.88  
11.67   3.85    2.17    11.54   14.62  
4.21    -0.38   0.16    12.20   13.79  
-11.98  -14.79  -3.32   -4.59   -15.24 
20.36   -18.81  5.75    -0.22   0.91   
-1.26   21.31   11.62   8.58    2.97   
-10.89  -8.00   -0.30   9.87    4.42   
-13.62  -6.92   -2.34   12.12   -17.08 
-11.61  -2.34   -4.15   2.36    1.50   
5.97    5.20    12.96   -6.04   -12.36 
-2.10   -5.32   7.64    -2.12   -11.88 
6.86    3.75    -3.64   -3.01   9.02   
8.68    -9.72   16.78   -5.72   -5.98  
9.99    8.02    4.52    14.53   -17.87 
-12.98  -7.71   -3.78   18.33   -6.05  
-22.43  7.76    18.65   -3.73   -6.00  
9.35    7.19    -7.74   -1.37   6.84   
-4.24   -8.81   -10.53  10.53   8.34   
-0.46   -3.74   2.69    -2.00   -1.28  
0.14    -4.52   7.28    6.23    10.23  
8.79    -4.62   2.41    14.79   -3.22  
6.52    6.41    -2.78   -4.05   -8.49  
-0.12   1.93    -1.29   5.06    5.20   
-10.47  -1.61   3.30    -0.27   2.14   
3.93    -12.09  -1.45   -0.32   8.02   
7.31    1.47    -1.47   -6.01   -13.33 
-9.55   7.47    19.28   6.64    -10.28 
-7.45   11.95   13.10   7.10    1.46   
-14.85  8.25    5.82    -2.55   1.34   
-9.75   -0.83   -5.09   16.32   8.85   
9.32    9.41    7.50    -8.60   6.34   
-2.33   8.56    17.19   4.62    -6.16  
11.41   5.47    11.42   -7.19   -1.97  
-9.90   3.84    -2.78   1.29    2.34   
-0.86   3.75    8.83    -8.85   -1.42  
2.48    -10.19  -1.46   -1.19   -3.84  
5.43    13.72   -19.50  8.20    -25.17 
-5.82   2.21    3.37    21.68   -1.63  
6.30    6.10    3.72    0.67    4.32   
-11.41  5.85    -4.77   -1.10   13.00  
-1.03   -12.60  8.75    -7.00   2.12   
-7.76   -10.71  2.25    -5.72   -11.01 
-11.38  7.19    -9.85   3.33    9.44   
-1.69   2.24    5.10    -3.25   -8.82  
7.71    -2.86   -0.34   -6.69   -10.21 
13.69   4.53    -0.39   12.03   4.28   
-11.12  0.95    -0.74   3.79    8.81   
-11.79  17.94   5.06    6.48    -11.44 
-3.75   -0.58   -5.54   3.97    2.44   
-8.47   -5.24   12.10   12.29   -6.56  
4.46    8.38    -6.59   -4.23   -8.12  
-11.62  6.63    -20.78  -4.77   -14.35 
15.53   7.28    11.49   2.21    5.37   
-6.25   6.16    -9.20   4.04    5.77   
6.98    -6.61   -3.67   0.86    -15.03 
0.31    10.54   -5.97   8.71    2.85   
-8.39   1.01    6.56    -3.84   13.31  
9.40    11.36   13.40   7.27    0.49   
1.63    4.78    -15.11  8.70    -2.82  
3.82    -2.72   9.45    1.88    2.80   
-1.67   8.43    1.13    -4.42   2.77   
5.24    2.69    -0.81   3.67    5.94   
-12.37  5.42    -3.98   8.17    7.84   
-4.94   7.15    6.55    -1.50   -7.31  
0.28    8.02    15.45   2.72    -3.99  
4.84    2.07    5.35    4.76    -4.26  
4.72    23.19   8.85    -3.11   -16.07 
-5.33   4.03    -5.80   1.15    -0.67  
2.45    21.81   -8.14   15.60   -6.65  
9.64    -4.05   14.63   21.34   -2.55  
-13.12  7.32    4.13    4.79    -8.42  
2.22    1.23    5.50    10.61   -0.14  
-8.51   4.31    5.21    -3.56   7.30   
-9.94   -5.16   -9.61   -0.26   -4.16  
6.26    -3.41   -18.23  -4.20   -0.42  
-3.28   -2.35   9.06    0.33    -7.26  
5.53    -3.02   -2.03   -0.65   3.47   
9.75    12.53   4.46    -10.09  -15.28 
1.24    -0.99   -9.28   6.51    -0.31  
11.85   4.49    -6.19   -20.21  -8.07  
-11.52  -8.02   4.15    4.67    2.49   
-1.46   -1.94   -4.28   1.19    4.22   
4.36    -2.53   -9.34   2.61    -2.50  
3.36    14.17   10.25   6.22    -5.02  
2.64    -1.30   -1.71   10.53   -8.78  
2.64    6.31    6.19    -9.74   -12.41 
4.91    19.98   8.12    8.20    3.88   
7.60    12.32   2.01    -3.00   -3.39  
-12.34  18.53   -4.40   -13.69  -1.13  
-13.48  2.70    2.35    0.66    -19.17 
-15.18  15.35   -3.35   9.96    -10.69 
8.31    -4.68   9.38    15.61   5.85   
-18.50  -12.21  10.21   11.85   -8.67  
-1.09   -1.00   -6.99   -0.01   -11.45 
1.54    -3.84   -13.65  1.06    -4.55  
-0.25   12.23   0.74    -2.75   -7.79  
-2.58   4.47    -14.81  11.18   -7.30  
-9.55   -0.67   -8.42   10.75   7.13   
6.89    12.54   10.93   -3.73   1.21   
2.43    -4.04   -9.83   11.24   10.45  
-4.22   -3.99   5.83    0.84    -11.17 
6.34    1.66    2.04    1.08    2.73   
-3.93   -3.41   -4.61   -2.44   -4.04  
-17.29  -14.71  -7.25   2.01    -5.87  
-9.95   3.91    6.30    6.50    12.88  
5.47    1.20    5.23    10.25   6.25   
7.91    3.70    -3.40   -3.01   -13.62 
10.27   -10.57  1.02    14.62   1.55   
-7.22   7.35    -0.00   3.96    0.37   
8.41    13.62   5.25    6.48    0.16   
2.46    -1.17   1.40    -5.84   7.77   
14.58   13.61   0.50    -4.72   -3.11  
0.80    10.67   -0.49   -10.75  4.21   
-0.51   4.31    -2.59   -1.15   -5.25  
8.64    0.36    0.44    -2.62   -12.73 
-0.40   -16.99  -0.73   21.33   5.30   
2.89    8.34    0.89    16.87   -4.26  
-7.89   5.22    2.34    -5.54   2.96   
16.50   16.43   -6.15   -9.45   -13.91 
-1.43   8.36    2.12    5.38    7.27   
-3.49   0.16    -7.41   2.34    -14.62 
4.94    5.90    4.73    4.38    -8.89  
5.35    6.26    5.47    2.09    -0.61  
-6.09   5.44    8.59    -3.99   -0.41  
-5.39   3.00    1.06    3.90    0.57   
8.02    7.64    3.08    -6.24   -2.90  
1.24    -4.70   -12.87  7.34    -10.60 
-0.83   2.64    -1.26   -3.11   -2.78  
-3.66   -0.51   7.85    2.10    -2.96  
-5.38   -1.73   24.54   0.14    -4.99  
-5.35   -0.62   7.56    13.26   0.71   
0.96    11.95   -3.91   -9.05   0.40   
6.47    13.84   -6.30   -12.45  -3.97  
-6.92   -0.02   4.04    17.46   4.23   
7.84    3.26    6.63    4.39    -14.37 
-7.00   7.38    6.01    7.07    -11.38 
-6.24   1.65    1.91    -4.34   7.83   
9.89    -8.54   -2.70   8.87    -8.03  
5.54    9.61    -24.20  14.29   11.50  
1.05    3.11    -7.31   14.27   1.03   
13.26   4.93    4.52    0.10    6.42   
-13.71  -2.55   19.46   9.91    11.28  
10.72   3.21    -16.70  9.24    -1.94  
15.99   7.11    8.25    -5.04   1.65   
-1.93   1.03    -1.64   3.39    1.88   
18.71   -0.04   5.24    -8.51   -15.63 
-7.03   -2.35   -1.62   8.19    -8.60  
5.01    -0.39   -10.35  18.30   17.21  
-2.91   -7.13   -2.16   11.59   11.61  
3.39    0.17    -11.11  2.21    -8.53  
0.55    8.65    -4.09   -7.05   18.86  
4.65    3.70    -3.35   4.86    3.45   
-6.39   9.71    17.72   3.36    0.19   
3.87    -0.37   -23.81  -1.78   -4.69  
-3.40   10.48   3.61    0.71    2.06   
-4.24   -0.53   25.48   -6.93   -5.49  
7.02    3.74    2.18    -5.96   26.49  
0.11    -3.50   -0.71   -5.98   8.14   
-3.63   1.92    -5.94   -3.31   -10.37 
3.09    29.87   7.32    -2.78   -13.54 
-5.51   8.33    -11.73  -5.70   7.66   
-6.40   -7.73   -4.08   -5.16   0.07   
-2.52   -22.00  -11.73  -18.76  -0.57  
1.61    2.95    17.33   0.38    -10.48 
-8.39   13.38   4.76    0.34    2.01   
-14.34  7.11    -2.37   11.82   7.13   
-2.62   -0.14   -4.21   14.09   -0.31  
-10.34  6.54    -1.76   17.18   -3.89  
-1.95   4.98    4.80    0.71    -2.15  
-4.67   10.60   5.27    8.66    -5.19  
-1.84   -1.77   -11.39  10.45   -15.16 
1.26    8.64    -1.20   8.30    -5.19  
-6.50   13.38   18.38   8.19    6.04   
-1.57   7.32    -2.82   15.77   -4.50  
-3.58   12.85   -9.61   -2.15   6.70   
0.48    10.19   28.38   -2.08   2.24   
-3.69   -0.37   -11.21  16.68   5.12   
5.58    2.95    0.91    22.36   6.78   
2.62    8.14    -4.58   11.77   1.32   
7.82    -1.46   -8.87   -9.82   -1.63  
4.02    3.65    -2.63   3.81    6.73   
6.31    7.55    10.37   5.70    -13.78 
7.31    5.86    7.15    1.98    -2.24  
8.60    16.59   -2.36   9.18    -13.09 
1.58    -2.42   16.23   -2.59   -2.86  
2.66    0.71    -2.27   10.07   2.51   
2.65    -1.20   6.91    0.98    -7.61  
13.71   11.44   8.43    11.08   -5.94  
-2.21   3.91    2.72    1.13    3.76   
9.42    11.78   -0.04   0.95    2.80   
-8.29   -2.06   -0.31   2.07    -15.65 
11.29   -1.32   1.91    -2.97   1.82   
-8.26   -3.78   3.73    11.07   -15.06 
-5.00   6.88    10.53   1.76    -9.63  
2.95    6.35    -3.86   8.21    -2.62  
5.92    -1.27   -9.33   8.84    -5.48  
-12.21  7.24    2.28    18.16   0.55   
5.25    0.57    5.31    -5.36   -11.43 
-5.02   0.26    -10.25  8.52    13.20  
-9.92   -1.90   7.84    7.94    6.83   
-1.22   13.71   -4.63   2.20    15.92  
-2.64   -12.64  -15.94  8.91    15.20  
-6.66   -7.27   0.66    8.51    -3.45  
-1.68   7.82    -6.38   3.19    9.02   
5.60    11.77   4.31    10.71   5.53   
21.40   24.55   2.74    9.45    -16.88 
-23.41  11.33   5.04    23.43   -19.14 
-5.83   9.79    -21.05  9.09    15.18  
-2.34   -14.57  -4.87   15.86   -16.40 
6.41    3.63    5.05    4.27    -7.77  
-2.26   0.62    -9.65   14.30   -3.56  
4.20    10.97   15.59   8.69    -1.10  
1.88    -1.94   2.96    2.94    -0.65  
-11.49  -0.03   13.34   5.23    -10.28 
12.73   11.24   0.87    0.57    -7.66  
10.59   -3.59   4.10    13.85   7.87   
3.27    -4.07   -5.17   9.48    -19.22 
0.16    -4.18   -12.51  1.42    -6.75  
7.78    -4.94   7.56    7.80    -10.78 
-8.01   -12.60  7.46    11.20   2.23   
4.18    3.73    -2.99   0.30    -11.79 
7.87    6.18    -8.43   2.36    -8.61  
3.11    0.47    1.19    -0.31   -6.83  
9.19    4.78    7.71    12.91   -10.69 
-3.49   -8.69   1.85    7.87    8.14   
0.62    4.85    -4.43   0.62    5.73   
-10.87  18.72   -9.52   -13.42  -2.82  
-1.05   2.53    2.57    9.90    -2.18  
1.43    7.10    -3.30   -14.32  9.92   
0.56    6.90    -5.51   -1.04   0.72   
-9.16   -2.71   1.29    0.32    -3.99  
4.82    18.62   5.17    -5.69   -7.86  
3.28    17.99   10.78   0.18    -2.86  
-10.44  12.41   9.07    9.28    -7.22  
5.08    13.78   13.98   7.99    -5.08  
2.38    5.40    15.35   -8.04   -12.18 
-3.62   4.21    7.40    7.97    -3.20  
0.36    1.82    -3.42   9.27    -10.48 
-12.43  -9.92   -0.17   19.33   -8.70  
11.66   15.02   0.01    1.16    -12.50 
11.08   15.23   4.43    -16.65  -12.51 
-9.07   -12.91  -10.01  -3.11   1.15   
7.89    9.39    3.52    1.59    6.60   
-5.64   -7.58   2.11    6.93    6.55   
-0.05   2.13    -1.89   -2.60   8.49   
-3.61   4.49    4.20    7.65    -12.70 
0.89    3.60    -3.70   3.30    2.40   
2.96    9.94    -1.90   6.87    -2.20  
3.74    11.88   3.41    8.97    -4.09  
13.16   11.04   0.58    5.23    -1.73  
18.28   1.25    17.50   1.73    2.79   
-10.56  -6.53   12.09   4.45    4.54   
-8.06   -14.87  -0.45   6.90    -0.01  
4.14    -6.76   15.25   7.33    -3.56  
17.84   5.37    -3.18   -3.23   -3.27  
-21.79  -9.24   6.87    0.47    2.55   
-4.56   1.68    2.78    0.91    1.95   
10.81   -1.08   6.41    0.35    -15.26 
0.72    6.27    5.92    19.84   -19.32 
0.22    5.03    6.79    4.32    1.27   
-10.48  -5.16   6.71    2.12    -6.22  
-0.59   3.07    0.41    -2.66   -0.56  
-11.66  -7.65   12.98   1.44    7.60   
-1.26   2.07    6.79    4.44    -1.57  
3.41    1.50    1.60    16.83   11.76  
-1.05   22.71   -0.63   12.38   0.18   
-0.47   1.02    -11.52  5.01    3.84   
5.98    11.81   -1.87   3.58    -4.56  
-3.59   1.29    -14.27  2.50    22.98  
-10.47  -11.16  -3.04   0.71    -0.93  
-14.21  1.59    -7.09   17.77   6.21   
-0.21   -9.83   -6.34   -2.77   -9.37  
-4.86   5.00    -2.02   8.09    -4.14  
3.16    -3.59   2.52    -1.27   2.12   
-3.22   11.89   -5.31   9.75    -7.28  
-13.96  -15.18  -13.29  8.73    -9.28  
-2.06   6.27    -2.93   -7.37   12.39  
-12.08  -9.15   -19.12  14.74   5.79   
1.45    17.19   2.80    2.66    -8.93  
1.16    13.40   2.20    12.89   5.28   
-6.13   -2.21   5.06    8.46    -2.89  
-6.24   11.74   -4.97   19.28   -4.41  
3.81    13.89   9.54    8.29    15.82  
10.07   9.98    7.02    -7.68   -5.75  
2.32    3.69    -10.73  10.60   -7.81  
-1.27   14.16   1.94    9.64    10.24  
-8.52   4.40    -0.94   11.87   2.40   
-1.37   -5.23   -8.41   9.34    5.38   
-8.55   17.28   7.97    7.81    -0.03  
-3.81   -9.09   -3.79   2.84    2.48   
