-7.46   -1.70   -1.19   -12.17  1.51   
-4.45   8.57    11.32   10.51   -14.70 
-13.12  -0.45   -2.98   2.22    2.85   
-0.68   12.13   5.49    -7.08   -0.76  
10.85   3.41    1.52    -5.09   -14.97 
-2.82   -10.77  2.65    7.31    -3.58  
6.29    3.17    9.44    -8.16   3.17   
12.04   -4.10   8.23    -9.58   15.58  
-8.92   -5.61   -4.34   12.07   16.06  
-5.68   -3.28   7.66    7.83    6.60   
1.44    -5.39   6.92    -6.49   5.64   
3.35    -12.80  0.98    10.05   3.94   
-12.03  4.59    0.83    -5.54   0.59   
-11.99  0.15    -2.08   -0.78   -2.54  
0.98    -4.24   -6.92   4.77    -1.85  
10.82   -13.13  10.38   1.80    -6.67  
-11.56  -13.62  -13.32  1.80    -1.42  
-8.99   -6.38   -2.25   9.30    7.16   
14.50   -6.64   5.25    -17.99  -5.06  
8.89    3.48    -1.24   2.51    -7.79  
-0.90   -14.87  6.89    -0.77   10.71  
9.45    -21.34  3.95    1.82    4.74   
-1.49   -17.46  1.53    1.26    -3.57  
7.55    -4.42   -9.18   18.60   0.93   
1.07    -2.14   8.04    -4.06   -6.87  
3.83    2.28    7.37    11.82   -10.73 
-4.06   -5.39   -8.39   1.85    -9.02  
2.31    -6.73   8.83    20.35   -0.34  
-7.18   -7.85   -25.49  11.15   4.58   
-5.74   10.40   -4.99   -7.53   2.12   
12.20   -1.84   3.12    20.05   3.22   
-9.87   -16.82  10.52   0.81    11.76  
-6.20   -9.62   -5.94   0.59    2.85   
11.56   -10.55  -9.16   16.60   -4.99  
-4.34   -5.54   -5.68   1.00    -8.84  
-4.21   3.54    -12.70  27.57   -9.50  
-12.16  -7.76   9.22    8.36    4.96   
-6.99   -15.30  2.53    7.96    -13.00 
2.00    1.86    17.44   -9.27   -3.52  
2.71    2.53    -1.40   -5.27   0.15   
-6.41   -16.68  -3.10   5.73    -4.17  
15.42   -0.06   4.49    -4.50   11.32  
-4.43   -5.15   -0.91   -15.10  5.82   
-2.67   -7.26   10.86   21.33   2.16   
13.76   -1.62   13.05   -15.81  -11.07 
7.14    -11.12  2.90    -9.03   -1.86  
-2.22   -6.58   -9.97   2.60    10.83  
3.91    9.77    2.76    -8.40   7.96   
-3.05   -2.17   -1.22   -10.77  2.13   
5.54    14.61   9.85    5.56    0.37   
-14.47  -3.63   0.31    7.29    -3.10  
0.16    -0.44   -8.54   2.34    -4.28  
6.28    20.45   4.35    -14.30  1.83   
-8.60   -2.56   -10.20  5.05    -4.47  
-10.38  -4.03   -4.63   14.84   -2.42  
-17.08  6.56    0.33    5.77    8.49   
-3.58   -13.10  -3.97   13.51   -7.08  
2.21    7.13    13.63   -1.79   7.88   
-0.42   -2.14   -8.23   10.94   4.31   
-1.61   5.11    5.44    -19.17  4.55   
-2.92   -5.10   13.86   -11.89  -8.61  
-7.90   2.30    -5.21   -5.89   -15.84 
-11.88  5.54    -11.13  19.93   -5.72  
-7.90   3.70    -14.52  7.80    -3.11  
1.40    4.75    -5.01   6.46    -5.88  
-4.85   -2.56   2.41    2.21    1.41   
-8.24   -0.58   12.94   -4.33   -4.02  
-4.56   -3.34   -0.40   -5.58   -0.43  
-11.65  5.77    3.35    2.54    -10.22 
15.41   -17.14  -4.75   1.06    0.36   
8.34    11.47   12.24   7.18    -2.04  
7.30    5.79    -6.44   -5.51   -5.18  
-1.26   -3.15   -9.17   8.09    -2.65  
6.81    3.05    11.32   4.83    0.38   
-18.27  -12.73  -1.59   2.16    -4.25  
-22.48  -0.12   -2.20   6.13    0.45   
17.78   -7.97   9.31    -28.40  -1.75  
-5.91   -12.52  2.25    -1.36   -13.72 
-0.35   -0.70   -10.64  -1.79   -2.92  
-11.85  -4.54   -4.42   -7.86   3.45   
6.14    -2.24   -11.73  -6.19   12.16  
9.26    -3.54   -7.13   -3.02   -1.63  
0.99    -13.45  5.89    4.96    0.95   
-5.18   -2.17   -11.58  3.55    2.31   
4.02    -3.37   6.99    -2.33   -6.53  
-5.67   5.04    9.16    9.00    9.92   
2.54    -4.40   -0.63   6.83    3.64   
4.82    14.06   12.55   14.48   -6.57  
2.00    14.48   -2.67   9.68    9.74   
4.83    3.50    9.82    8.89    -0.76  
-6.55   -5.47   7.53    -3.11   16.36  
-7.89   -4.69   -8.15   4.81    -7.46  
-20.27  13.99   -12.50  19.34   25.23  
-6.10   9.30    3.32    12.71   -1.32  
5.40    1.40    0.83    0.13    0.07   
-0.73   -6.27   17.40   11.07   -10.03 
-4.27   30.25   -5.22   -11.15  5.34   
10.97   -14.51  1.32    -2.32   1.64   
-4.50   -15.11  -2.85   3.24    -2.29  
-5.09   3.56    2.73    -1.42   -7.48  
