1.83    1.76    -1.62   -3.40   1.49    -0.42   -0.84   3.10    3.52    -4.84  
5.14    3.98    -1.03   6.01    3.44    -0.31   2.25    4.83    -0.54   4.20   
3.19    -2.34   -23.22  -6.73   -5.90   9.31    9.39    -7.26   -10.30  -11.29 
0.33    1.30    -2.30   -10.76  -1.37   12.57   5.41    -7.40   -2.53   -9.97  
1.01    1.11    0.25    -5.22   -6.18   5.30    8.69    1.72    -17.73  -0.57  
9.56    0.49    0.69    -8.99   -4.91   6.21    -1.90   -0.55   -6.28   1.40   
6.56    -3.20   12.81   -5.01   1.95    1.01    -0.21   -0.03   3.11    1.73   
3.03    -6.06   -4.50   2.71    -0.56   -1.90   6.52    -10.89  -0.43   -2.84  
-0.13   4.00    7.10    -0.59   -1.55   -4.24   -0.81   0.30    1.19    0.56   
12.16   -1.19   -9.30   1.33    8.61    7.03    -5.31   11.55   -4.76   -4.50  
0.12    -1.92   6.73    -3.96   8.79    2.88    4.89    1.32    -0.93   3.74   
-3.79   6.29    6.08    5.43    7.62    -0.10   2.02    12.42   0.65    -4.51  
5.45    3.21    2.13    -8.07   1.74    -3.43   -1.98   2.28    -9.07   -4.54  
10.18   -6.73   -7.31   5.01    0.70    15.67   -8.61   -17.37  7.26    -0.24  
2.33    -9.14   -6.59   1.92    -10.91  -1.22   3.70    1.23    -3.99   10.21  
5.73    -7.83   -7.53   -3.91   -8.55   11.49   15.62   -0.73   -9.80   -14.76 
2.14    -7.94   -17.17  -0.42   -4.75   -2.67   8.16    -13.06  -11.71  -4.71  
10.80   1.47    -3.99   -2.74   -4.27   9.00    11.48   -2.20   -9.45   -3.14  
-5.85   2.04    11.01   3.48    5.44    2.66    -0.14   4.36    -0.59   1.80   
12.36   1.90    -6.07   6.69    -6.11   13.30   0.93    -2.76   -0.15   -2.39  
-5.45   0.25    -13.35  -5.22   -15.68  1.21    -1.04   -9.56   -16.58  11.52  
1.48    -13.46  -6.10   -2.10   13.19   7.70    4.88    -4.93   -8.01   3.15   
0.36    -3.56   -15.01  0.33    9.66    -13.80  -6.96   6.17    3.32    -0.67  
-1.15   -0.68   5.53    8.46    -4.81   -0.60   -1.52   10.13   -4.59   0.73   
2.16    3.35    10.48   -1.36   -0.45   -0.95   1.66    0.14    0.59    -5.89  
9.47    2.96    -3.79   -20.05  -3.02   5.17    -3.16   -12.03  -4.47   -1.98  
1.85    -5.95   -5.94   0.65    -3.33   3.17    7.88    -10.09  -6.00   -0.19  
9.20    -12.41  1.56    -2.70   2.91    2.25    3.02    0.12    10.39   -6.82  
8.27    3.64    -15.81  9.26    -3.56   1.51    7.36    -14.28  -11.32  -2.58  
-1.43   1.44    -13.90  5.98    -9.62   12.68   -1.04   4.52    -6.57   7.18   
6.95    2.19    -7.73   8.23    0.66    -1.99   -0.93   -8.65   -3.53   -3.07  
7.11    2.48    4.51    -0.98   -1.75   -6.13   0.36    8.44    7.96    -6.97  
-3.77   13.05   -3.45   -5.27   -3.59   4.23    0.17    -12.62  -3.45   -13.04 
-2.92   0.34    2.61    -4.38   -5.17   -3.26   -4.39   0.83    2.89    -4.29  
-6.49   3.45    12.26   -0.93   13.94   4.74    15.31   -1.13   3.77    -1.02  
4.67    4.34    -1.88   1.48    -5.38   -5.52   2.53    11.15   -2.73   -6.63  
-6.65   -5.51   11.95   0.09    1.53    -0.23   -1.54   0.31    -5.37   -2.47  
-4.75   -15.67  -0.83   7.13    -6.03   0.98    2.44    -4.90   -1.53   5.67   
-0.22   -3.03   -3.94   -1.67   -8.54   5.45    -5.78   -8.63   -0.08   -10.31 
4.86    4.71    12.14   0.93    -1.31   -3.25   -3.24   3.60    -5.20   -1.96  
-6.74   -6.28   10.73   -2.48   -6.17   -6.35   1.99    -11.28  -3.35   -18.59 
8.56    -2.35   -9.78   0.39    12.89   12.79   -5.33   -8.14   -2.38   5.63   
9.50    2.81    -14.40  -9.28   -8.09   5.20    1.77    -13.34  -15.70  1.65   
-0.33   8.39    -1.43   -4.29   -5.76   4.35    0.57    -15.06  -19.35  8.64   
-7.00   -4.59   -2.18   -1.12   -1.34   4.94    -0.06   -5.63   -14.22  -7.86  
-2.50   1.51    9.29    8.56    5.50    10.37   0.14    5.74    -2.33   -8.97  
-1.80   -5.42   5.70    10.85   3.12    -5.25   8.49    -3.70   0.39    1.12   
8.51    -5.81   -14.02  -13.54  10.17   14.17   1.79    -4.81   -7.11   -5.12  
-9.73   -6.68   -3.25   6.46    2.94    13.07   4.96    -18.28  -7.45   -0.45  
-3.82   -11.09  -2.30   -10.86  -0.60   5.90    11.18   3.31    -9.23   -10.01 
2.19    1.93    3.93    -4.11   11.60   -7.15   3.53    -4.95   -4.61   -1.06  
5.36    1.97    -3.20   -11.63  -0.10   7.48    18.61   -10.95  -10.81  -0.26  
1.21    1.39    10.71   3.10    -10.42  -1.52   -1.13   2.75    2.89    -6.76  
7.38    7.57    8.06    -3.31   3.95    -0.97   4.00    -4.42   4.53    5.00   
6.49    -3.66   6.33    -0.13   2.09    8.49    2.38    3.19    6.04    -0.60  
3.97    6.26    7.37    1.09    6.01    -1.45   -5.58   5.09    -6.48   -2.99  
-0.61   3.20    2.50    1.48    0.85    -6.52   -1.81   1.95    -10.88  -0.50  
21.81   -2.87   2.34    -4.31   -4.88   15.23   0.60    -10.90  4.16    -11.30 
7.89    -3.79   -7.74   -2.73   1.45    -1.06   -5.94   -4.44   0.36    -12.94 
7.15    3.13    -5.78   6.71    -4.99   7.70    7.57    -0.15   -3.66   -1.82  
3.40    11.34   5.91    5.54    -4.97   6.71    0.38    4.15    3.57    -8.12  
1.89    0.02    9.55    0.54    -12.23  -3.40   4.48    3.85    3.61    0.02   
14.20   -2.22   -16.07  -3.76   -5.11   9.94    6.17    5.74    -3.68   -6.65  
1.64    7.68    8.56    8.11    -9.07   4.60    0.24    4.20    -1.98   -0.87  
-0.71   -1.34   -3.74   3.54    -1.63   1.40    0.27    -7.62   -2.53   -8.30  
7.13    5.87    -1.16   -1.66   -2.67   2.94    6.21    -5.28   -9.35   6.82   
-7.94   -0.08   3.03    -11.71  -6.35   -5.91   2.58    -6.64   -21.40  -10.35 
8.48    3.50    -5.20   -7.11   -10.59  12.99   3.42    -12.52  -5.05   -8.09  
4.56    4.66    10.75   -2.79   -6.76   -2.78   4.07    8.75    5.96    -3.81  
9.54    -6.77   0.15    -11.26  1.59    -11.76  2.06    -0.60   14.87   -4.08  
-7.44   -1.12   9.23    10.59   0.74    1.52    6.99    0.96    3.21    -0.59  
-6.34   2.65    2.04    0.03    -0.62   13.08   10.50   -17.20  8.71    -0.19  
-2.14   10.20   -8.45   16.17   -11.84  6.92    -0.42   -9.86   -3.63   -5.99  
5.40    -5.05   -7.70   -3.06   -1.46   1.25    -4.08   -10.23  3.31    -4.70  
-3.00   -9.13   -5.03   -11.54  -10.76  1.77    21.89   2.36    -9.46   -4.73  
-1.90   -3.32   -16.86  -0.82   -5.24   6.03    15.34   -0.81   -0.48   2.52   
5.80    1.06    2.00    2.58    -0.42   0.98    8.59    -3.92   -9.89   -0.24  
0.98    0.02    6.33    4.35    4.40    7.52    -0.56   2.30    6.24    -0.33  
1.72    -0.66   4.97    -0.22   1.81    -2.93   -1.94   4.12    0.93    -6.04  
0.31    -0.83   -7.98   1.35    -4.81   0.55    2.29    -14.12  0.40    -10.33 
6.70    -3.22   -12.37  -7.53   -4.68   3.23    17.27   -2.17   -7.77   1.71   
1.41    -0.42   -15.72  -6.41   1.68    11.49   17.28   -4.39   -7.80   -1.13  
11.16   -6.28   -1.05   0.51    3.47    12.02   7.69    -7.48   5.17    3.46   
-3.01   0.81    11.30   4.64    5.25    1.76    0.58    -0.60   -3.74   0.29   
3.31    -4.80   6.80    4.07    -8.36   -13.27  3.78    -5.23   -3.48   -5.90  
0.68    -2.35   -3.78   -11.25  -5.21   9.78    -11.35  -2.25   -6.07   -6.67  
3.18    -3.50   -3.90   -6.39   -11.17  6.91    7.49    -14.48  -12.63  -14.40 
9.54    -0.44   -3.19   8.81    7.60    -0.50   0.97    9.97    0.38    -5.74  
-1.96   2.99    5.12    -0.91   -1.34   1.11    -10.23  2.60    -7.76   -3.94  
-1.45   -1.85   -1.42   4.18    -8.13   1.46    4.11    -4.26   -4.36   -2.73  
-9.60   0.53    -3.39   -8.62   5.25    5.29    0.49    -1.74   6.43    0.20   
-7.74   -7.52   -6.33   -4.77   -6.88   3.37    -9.55   1.26    3.49    15.22  
1.77    -2.68   -19.20  3.82    6.38    -0.80   1.59    -4.43   3.58    4.13   
-9.67   -0.72   -10.77  -0.77   -2.78   -11.32  -3.62   -11.26  -11.18  -7.98  
3.19    -7.36   -18.49  7.05    -2.80   5.03    -3.09   -11.05  -5.45   -3.97  
-0.89   -2.15   -19.94  -2.30   0.76    -9.06   -2.12   -4.88   -13.11  -9.80  
-3.67   1.14    8.79    5.75    -1.23   2.02    -1.13   5.60    0.69    -3.76  
16.01   -0.80   -6.67   -11.42  1.33    -0.69   -0.88   -6.83   -6.31   -0.24  
9.70    0.87    8.86    5.64    -2.01   -0.00   -1.52   1.46    6.27    -0.22  
-0.67   -3.57   -5.96   -8.89   -8.51   4.48    1.55    -6.91   -22.67  2.67   
