0.90    -0.81   2.96    4.16    -0.20   0.22    -6.62   2.74    -1.05   -8.13  
3.03    6.00    4.26    5.73    8.37    -4.16   9.05    -3.73   -2.87   -6.76  
7.45    7.77    -4.78   -0.42   6.19    11.83   2.65    2.37    -13.42  -15.91 
-12.67  9.92    2.49    2.88    5.31    -2.39   -0.92   2.09    -19.05  -2.88  
6.19    -14.98  0.33    -3.50   -3.05   2.22    -9.91   -13.17  6.70    -1.86  
0.19    5.58    -7.67   -1.29   -1.00   -7.18   1.44    -3.53   5.61    -1.75  
-0.41   -8.56   -3.06   -8.12   -14.52  -1.38   5.70    1.11    -6.97   -1.92  
-7.00   1.18    -0.54   -0.47   -2.74   2.38    -1.73   6.03    3.46    -1.99  
-1.22   -4.02   6.58    -0.25   8.66    2.45    -1.39   4.30    3.89    -5.74  
2.62    1.83    -11.45  -1.43   -13.44  4.49    -2.82   -9.94   2.85    6.40   
3.48    8.82    -3.70   1.56    3.30    1.65    -10.24  2.55    5.00    -1.88  
10.14   -2.47   -5.07   0.18    0.24    2.72    11.47   -14.25  -0.78   7.73   
-3.42   8.19    4.57    0.93    6.93    -0.19   -2.85   3.99    1.38    1.32   
3.55    -3.93   1.17    2.39    0.33    -2.06   1.55    2.18    -11.76  -0.02  
0.56    -1.87   7.75    2.05    -4.99   0.80    10.73   -11.13  0.29    -20.77 
-2.66   -4.13   -6.93   2.69    -10.01  7.79    3.16    -19.95  -16.96  -4.01  
0.98    -8.34   -1.69   -4.70   1.04    8.65    4.45    -16.04  -12.84  4.29   
-2.19   -3.05   3.49    2.27    4.12    -5.28   1.79    -0.90   4.56    -2.40  
-1.35   -10.94  -20.75  -7.48   -3.46   -1.36   2.07    -8.22   3.98    -16.70 
1.63    -1.16   -13.04  -15.04  -5.87   16.44   1.59    -3.65   12.22   -3.52  
4.09    -1.14   -4.13   4.19    6.70    5.85    16.59   -7.62   -13.04  1.25   
1.75    0.35    9.03    -5.97   3.10    1.99    -1.70   2.13    -5.48   -0.41  
7.49    4.50    2.43    -2.86   -4.80   -4.87   2.31    7.19    -2.10   -10.51 
-0.50   6.85    -12.54  0.63    -2.48   -4.48   5.18    -0.92   0.03    12.24  
-5.26   3.96    -17.85  -4.40   -14.87  5.41    9.94    -2.44   -4.37   -6.06  
-1.64   3.02    13.75   1.50    -4.88   1.50    3.89    -1.72   2.27    4.42   
4.50    0.46    10.38   -3.87   -4.31   -1.50   15.00   -18.12  -1.54   -2.72  
-4.04   2.34    8.51    5.44    -0.24   2.78    3.74    6.83    5.83    -4.30  
-0.53   0.18    -4.62   -12.34  -4.50   6.89    14.35   -3.03   -8.58   1.25   
2.57    -0.64   1.51    4.49    2.62    3.91    -1.41   0.04    3.60    -3.87  
1.87    1.68    2.55    1.30    2.51    2.37    2.81    2.03    4.41    -2.51  
-6.26   -3.36   3.34    0.69    -10.97  1.10    2.89    -3.46   -1.13   7.13   
-3.61   -0.49   5.22    0.62    -4.35   -0.89   -1.55   6.46    2.08    -3.41  
-3.86   -7.29   -11.57  -14.00  6.96    0.93    1.86    -6.21   -6.06   2.77   
4.91    10.48   5.92    2.76    -3.57   4.29    0.91    4.36    8.05    0.95   
-4.29   -6.03   -7.90   -8.12   1.05    6.87    9.11    -5.90   -5.81   -0.10  
-4.77   2.81    3.00    -4.61   -10.52  -4.27   0.20    6.70    3.80    -4.66  
4.38    -1.57   4.00    0.27    2.38    -0.86   -0.85   3.74    7.69    -0.61  
3.26    2.02    0.58    -0.47   -6.54   -3.40   -1.43   6.01    0.60    2.16   
-4.51   8.82    13.57   1.31    3.45    -1.42   4.32    1.98    0.69    -4.79  
0.83    -1.35   0.42    -0.88   6.26    13.26   0.44    -10.77  6.91    -1.26  
0.19    -0.38   10.32   3.60    -4.50   8.57    2.80    7.63    6.00    -7.79  
12.54   10.23   -2.88   -4.43   3.49    8.82    -0.12   -3.85   -0.77   -11.25 
1.70    -12.68  -18.08  -13.72  2.39    2.17    12.23   -10.60  -6.66   -9.58  
-0.24   7.96    4.58    6.11    -3.67   -2.77   7.31    4.63    5.64    -3.89  
2.61    1.39    -5.50   -6.60   0.78    0.06    4.48    -10.27  -11.38  -0.09  
3.49    8.66    -4.82   -3.55   -5.32   5.29    3.01    2.45    -12.55  9.33   
4.19    -4.87   3.52    -3.31   -10.89  2.34    3.30    5.78    1.20    -7.35  
8.52    -5.90   -1.50   1.98    -5.94   7.24    2.95    -1.17   0.23    1.23   
-6.82   -1.98   -11.70  -16.28  -6.84   7.74    11.52   -9.46   -15.03  -2.63  
-4.91   2.75    6.33    1.33    1.26    -1.84   2.06    -2.36   -7.60   2.50   
-14.03  -7.01   -5.76   15.38   -1.15   2.02    7.32    -5.06   -2.82   7.63   
6.33    -6.71   0.60    -1.40   -6.38   -4.35   1.79    0.29    1.69    -4.26  
6.60    2.94    -14.57  -9.11   -6.79   5.82    -1.53   5.74    -6.82   5.07   
5.12    -1.36   -1.88   -3.06   -15.87  7.85    -2.58   -4.96   -1.34   4.63   
-3.71   -18.28  0.77    -4.42   -8.45   1.56    7.09    -11.28  -7.45   -17.50 
9.81    -2.52   1.69    -8.32   -3.64   1.68    10.93   -5.32   5.22    -12.71 
9.28    -1.86   -8.68   -2.39   -0.84   -6.32   12.06   0.45    -5.67   -14.45 
8.52    -5.79   10.82   -0.16   -2.82   -4.59   10.43   -3.49   0.29    -0.47  
6.37    -0.57   -16.21  -0.70   -1.99   6.89    -0.24   4.46    -0.17   2.49   
-1.93   5.27    5.18    -0.34   -1.79   3.13    0.50    9.55    5.19    -4.18  
4.52    -2.52   -10.39  2.41    1.84    5.60    1.56    -4.32   4.52    0.97   
-4.73   -6.77   5.09    -7.29   -6.29   -2.98   -2.33   -5.37   -7.99   -1.92  
-0.20   7.52    -3.91   0.38    5.75    20.46   6.31    -0.56   -1.80   -3.05  
2.05    0.99    5.44    -6.42   -3.68   4.46    -1.50   -7.42   -6.91   9.00   
10.23   5.14    -4.30   -1.94   -5.42   5.16    0.92    -16.44  -3.65   -2.53  
1.47    -6.29   5.91    4.76    -3.05   4.07    3.79    1.75    0.22    -6.11  
2.68    8.05    7.42    -3.44   1.55    -3.31   -7.55   1.97    1.47    -10.27 
3.75    -0.37   -3.01   -9.68   -5.57   -0.11   7.23    -6.84   0.42    -0.53  
7.81    -0.38   9.40    5.53    1.68    -2.99   2.24    8.56    0.15    -7.02  
3.98    -1.32   -1.70   -3.00   -8.73   -0.78   9.68    -3.82   -16.10  -3.19  
-6.93   7.44    4.37    5.47    -7.70   -2.48   3.29    6.33    3.15    -2.97  
0.21    -5.92   -16.87  6.06    -2.27   -0.03   -11.97  -11.68  -2.76   -9.18  
-0.07   -2.50   -2.95   -2.56   -1.73   0.99    7.73    1.65    -15.29  -16.11 
-4.51   3.04    -11.37  -7.40   -14.32  -0.36   3.40    -8.59   -1.64   7.54   
0.41    4.93    5.76    -2.27   -2.30   0.04    -4.73   11.59   -0.37   -0.36  
4.27    0.24    5.50    -0.49   -9.96   6.44    3.36    0.00    1.03    -8.35  
-0.48   -0.88   11.83   7.58    -4.08   2.85    2.21    7.07    4.96    -10.16 
5.30    2.44    1.55    0.81    -2.70   0.63    2.22    -0.95   1.32    -4.53  
15.13   1.82    -14.51  3.11    1.78    4.31    0.62    -0.82   -8.73   -2.09  
2.86    -24.28  -1.66   -3.91   -9.70   9.87    -10.57  -2.71   -14.52  0.09   
3.49    2.18    7.83    -5.04   -0.33   4.93    -2.73   9.34    -1.73   -9.39  
11.90   0.51    5.91    10.48   3.88    -0.18   -0.23   3.49    5.01    -0.27  
4.01    2.38    7.83    -3.27   -3.58   3.06    -3.05   7.52    -1.31   -6.11  
3.36    5.94    -7.45   4.77    -8.51   13.39   8.37    -7.13   -19.86  2.26   
-7.28   4.20    -5.50   1.04    -19.86  -2.50   -0.41   -9.57   -7.26   -12.17 
5.32    12.01   4.08    0.89    -5.97   -1.33   18.14   7.30    -8.51   -3.72  
-0.05   6.95    11.98   -3.04   2.10    -4.99   11.16   12.65   0.54    -2.12  
1.15    -0.81   -6.26   -12.61  -9.85   0.12    3.62    -4.32   -2.07   3.56   
0.63    2.71    0.64    6.29    4.08    -5.12   2.93    6.73    3.43    0.24   
7.04    4.13    -6.08   -1.25   -6.96   2.20    8.40    -3.00   5.09    -4.37  
5.02    4.85    8.30    7.67    4.36    -0.17   4.19    5.94    -3.54   -1.59  
-1.42   0.54    0.32    -0.65   -3.44   0.82    1.76    -1.61   -0.78   1.59   
4.55    -0.30   2.36    -2.75   4.62    -6.12   7.80    -17.41  3.80    -1.50  
-1.24   5.90    10.83   1.45    -0.23   -4.03   -0.02   1.79    5.72    1.70   
1.67    0.27    -2.82   3.41    -7.50   15.48   15.94   -11.53  4.12    -4.90  
7.51    2.39    -6.13   -4.52   -0.68   10.01   -5.81   1.44    -0.61   2.40   
-5.89   4.92    -4.17   -0.24   -2.21   8.77    -6.48   -1.93   -2.24   8.33   
-3.10   4.63    8.81    4.76    -4.73   -1.50   2.81    6.36    -0.63   -6.20  
8.88    -10.28  7.56    -3.07   -2.33   1.08    3.92    -17.75  -10.41  4.81   
-5.59   -0.96   7.68    -0.49   -1.95   1.81    -4.64   3.20    4.10    -4.04  
7.44    -1.48   9.36    8.52    -5.61   -2.21   -8.99   7.23    8.55    -5.83  
12.44   -2.78   -5.01   -4.58   -4.12   6.63    2.73    -7.81   -13.13  0.46   
-0.94   -8.38   -12.11  -11.61  4.44    10.28   13.67   -3.14   -4.26   -8.42  
10.54   3.73    9.28    1.31    3.54    -1.11   3.55    -3.01   11.78   -2.34  
-4.07   2.85    12.28   -5.01   0.49    -5.80   1.66    0.16    4.90    1.80   
-3.81   -6.05   6.24    -6.36   -10.06  3.30    10.09   -0.48   -6.53   2.08   
0.81    -4.96   0.40    -1.25   11.94   10.42   3.16    -6.37   -11.42  -0.81  
0.47    3.39    -1.76   -0.89   -3.42   2.86    0.22    7.42    1.10    0.60   
-3.84   -1.56   8.76    9.43    1.96    -2.68   2.03    3.73    -1.17   -0.20  
-2.06   0.53    10.99   -0.86   0.59    5.68    -4.28   5.35    -3.10   -4.52  
1.77    -0.19   -7.58   -1.29   -3.05   4.56    -5.51   0.50    -2.40   -1.90  
-4.16   7.50    3.22    3.70    -5.18   3.19    3.86    -2.91   -1.02   -1.42  
5.84    -0.74   8.13    -1.29   -1.02   -5.97   0.72    -2.19   -0.88   -0.35  
1.77    0.01    3.26    -12.22  -12.63  9.39    0.36    -11.34  6.10    -13.23 
-1.96   -12.57  1.14    -13.72  -1.94   5.22    0.27    -5.50   -12.86  1.91   
3.93    -3.69   -1.57   2.88    -4.53   13.12   5.40    0.19    -5.70   1.84   
5.19    5.28    8.07    3.15    -4.06   -6.74   1.11    -1.02   -4.21   -1.38  
2.23    -7.44   1.33    -2.83   -2.55   9.16    -2.43   -8.95   0.61    -6.29  
-3.64   5.71    8.87    -2.89   -1.62   1.68    -8.71   7.70    4.70    -3.50  
3.81    6.17    0.94    8.97    -2.67   -3.03   5.82    3.49    1.73    -6.59  
12.20   -9.69   -8.13   3.73    -8.35   6.30    8.57    -7.78   -8.28   -9.07  
9.69    -1.33   -10.38  -6.54   -3.42   3.26    9.75    -14.99  -6.78   -4.29  
5.48    -5.52   7.91    2.11    -2.75   1.03    -1.80   6.29    -0.28   -1.82  
3.06    -2.66   6.63    3.58    4.50    5.50    1.55    3.26    -1.20   -5.15  
-2.46   -2.17   9.33    4.74    -1.62   0.05    3.35    6.86    6.08    -0.33  
0.08    -5.20   -7.80   -4.02   -1.86   0.33    -7.65   4.16    6.15    -2.95  
3.15    -4.35   10.02   7.25    -3.08   2.91    2.51    -2.06   0.27    -6.55  
4.81    -2.14   -11.98  -21.77  -3.35   -3.58   4.48    4.08    1.79    -5.54  
4.48    2.92    2.35    -1.39   0.04    -3.83   -4.26   8.66    1.27    2.48   
-9.76   6.28    -5.55   7.78    3.60    1.50    2.22    8.39    -0.77   -6.86  
-2.99   1.08    4.89    8.00    1.26    -1.79   -6.90   -1.42   8.83    -0.06  
10.93   -7.36   -2.95   -1.41   -2.22   -3.64   9.89    -5.15   -4.75   -0.24  
6.14    4.87    -0.43   2.43    0.71    -5.47   -2.47   -3.19   4.40    2.66   
-1.73   -2.40   -1.15   -7.78   -0.95   -5.50   -8.88   8.80    -12.87  -11.99 
3.06    -14.67  5.89    -6.93   -3.57   -3.79   1.67    -3.29   0.37    7.16   
3.64    -0.54   -0.80   1.63    9.20    6.58    1.87    -6.04   -0.17   14.69  
2.19    -13.49  1.91    -5.08   6.11    -0.02   11.18   -4.03   -6.54   -3.40  
-3.09   1.83    -7.19   -12.88  -7.59   -0.86   3.23    -4.18   3.81    -2.60  
11.95   0.06    -8.28   -6.10   -3.37   3.68    5.78    -7.00   -8.25   -2.56  
5.60    -3.36   -13.35  9.83    -5.50   -1.89   4.18    14.46   -9.45   -16.84 
6.14    -5.94   -16.48  -9.08   -1.72   6.56    14.57   -8.91   1.69    -9.15  
-2.75   -2.66   -2.49   -2.31   -2.53   -1.84   12.25   -15.58  -4.79   -6.98  
7.04    -5.37   -11.42  8.78    -2.83   -3.44   7.34    2.44    -11.50  3.52   
1.74    -11.35  -5.81   -2.77   4.51    5.98    -2.02   -4.75   -17.68  -3.25  
-9.16   -5.98   0.17    -13.53  -7.53   0.86    10.72   -14.20  -2.75   -5.58  
4.82    6.71    2.80    10.32   -2.05   -1.73   1.10    0.53    1.96    -9.11  
6.30    3.70    -7.35   1.87    -2.81   4.65    5.82    -10.03  -11.60  -4.61  
8.33    -3.07   -9.46   3.77    4.81    -1.52   -2.17   2.64    -3.07   -3.21  
3.62    -6.96   -8.27   0.53    7.71    6.03    -5.29   -9.33   2.09    -7.99  
2.68    0.66    -5.03   -2.01   -12.31  -1.84   0.32    -5.47   -1.10   1.25   
2.01    1.33    5.38    -0.88   3.83    7.11    -3.58   7.48    3.88    -5.81  
-3.73   -6.86   0.24    -2.71   -5.42   17.81   10.57   -0.57   -5.75   1.59   
8.25    -7.66   -2.27   11.49   1.58    2.40    9.04    -2.41   -6.42   7.86   
5.05    4.02    2.47    2.91    1.71    -1.70   -4.71   4.08    6.31    0.31   
3.22    1.31    -18.39  -11.54  -3.17   1.15    10.75   0.51    -4.04   -12.91 
7.91    3.45    -10.11  -7.92   -4.27   -4.17   3.69    -8.92   -5.02   -3.57  
1.51    6.17    -5.62   -9.67   -3.77   -6.31   4.44    -17.82  -1.93   -6.12  
4.18    11.58   -1.50   -9.44   -5.40   0.46    19.85   -2.51   -6.33   -2.88  
3.50    1.47    -5.67   1.31    4.53    5.59    3.96    -4.42   -3.00   5.91   
0.47    3.07    3.97    -2.48   -6.14   -0.07   4.33    1.04    -4.97   3.62   
-1.90   -1.22   -10.02  -3.78   3.89    -4.11   -3.00   -8.88   -4.63   -10.20 
-7.10   10.63   -10.57  10.43   1.23    8.84    4.59    -10.01  -7.74   -7.78  
-7.96   -3.59   -11.10  -1.46   -1.89   7.32    17.64   -3.31   2.40    6.29   
3.40    4.44    5.07    4.66    -0.17   1.81    3.62    4.35    2.76    3.12   
5.40    1.79    0.82    1.83    1.21    -0.65   1.09    3.29    6.42    -8.95  
10.96   -9.59   -1.87   1.56    -6.65   3.84    11.42   -2.80   -2.99   -14.29 
-4.04   -8.18   -7.93   3.54    -3.37   -0.85   16.40   -5.71   -14.34  0.39   
3.29    -0.30   1.21    2.88    -3.21   5.51    3.36    3.79    0.31    0.50   
1.64    -3.83   -18.98  -0.66   -11.68  -7.47   2.90    -2.49   -7.38   1.47   
-0.28   6.70    4.33    -5.38   -1.83   -1.20   3.83    2.57    2.10    -2.83  
1.32    2.21    7.94    -8.48   -7.60   8.09    8.54    5.98    -15.33  -4.23  
-0.29   1.78    -1.22   7.31    -3.95   -7.28   -1.93   -5.30   -24.51  6.97   
9.05    0.15    -0.73   -5.09   3.89    -1.55   -4.37   -4.55   -8.68   1.89   
1.66    3.83    -1.46   -10.27  2.50    6.92    0.66    -7.24   3.29    -1.57  
0.19    1.53    10.90   -0.69   3.63    -2.25   -2.88   10.66   -3.05   3.37   
-0.10   0.41    3.03    2.21    -2.31   0.79    5.68    3.90    3.12    -5.55  
1.26    -4.44   5.92    3.16    -1.22   -5.53   1.08    -3.22   -2.68   -3.49  
5.33    -2.85   -12.78  -14.31  3.80    5.65    4.58    -3.06   -6.56   -9.50  
1.04    7.28    1.94    2.09    -6.84   3.85    -2.36   4.80    4.75    -7.34  
-2.85   8.15    2.50    6.88    0.42    -0.83   -0.04   3.56    -4.43   -5.91  
-3.20   1.17    3.67    3.34    -6.24   -3.48   -0.43   6.67    9.09    -11.32 
-3.46   -2.39   -6.74   3.85    -7.85   -12.00  3.25    -6.31   -3.98   -1.64  
2.91    -10.14  0.29    -8.81   -3.04   1.55    5.02    -9.88   -5.52   -5.01  
-0.51   1.44    9.54    6.25    -0.48   3.37    -8.80   5.74    -5.00   -3.80  
1.05    -17.81  -18.11  -5.69   5.17    -2.46   0.06    1.46    -6.12   -9.20  
1.44    7.22    -6.37   -7.66   -1.25   6.97    3.00    -1.32   -14.48  -2.59  
-3.75   -4.89   -9.03   11.33   3.58    1.91    5.51    -0.75   -10.91  2.88   
6.98    -2.77   -0.60   8.92    8.43    18.62   12.65   -2.14   -7.30   0.52   
-5.85   -11.22  -4.26   -9.78   -4.33   2.76    9.58    -7.06   -9.54   -11.84 
7.12    -11.33  -6.67   -15.14  2.19    8.91    16.16   -1.41   -13.23  -4.87  
13.98   -0.56   0.51    -2.59   -8.54   5.99    10.96   -4.64   -6.41   6.98   
0.24    -3.75   -2.03   1.67    5.71    6.90    7.46    -9.81   -5.25   -13.18 
-0.49   4.37    -1.34   -5.16   -0.87   0.88    0.89    6.92    -2.87   1.60   
7.14    -0.35   3.98    -2.70   -3.48   2.61    7.42    -12.57  3.86    -3.58  
1.39    5.06    -7.91   0.77    -12.75  8.62    9.24    -11.35  -13.30  -8.19  
0.46    -7.35   -4.18   0.78    6.22    5.38    14.12   -4.49   -21.97  11.82  
12.88   -15.71  -12.41  2.71    0.11    3.28    7.91    -2.08   -3.30   5.24   
2.02    5.54    8.17    -1.86   5.41    -3.34   5.89    -2.97   5.67    1.72   
-5.20   3.21    10.03   -0.44   -4.18   -4.00   6.05    2.24    1.56    4.16   
4.09    1.85    12.85   -2.03   2.56    -5.93   0.54    -2.15   3.31    -3.55  
8.45    3.06    1.58    -0.60   -1.63   14.11   0.05    3.29    5.08    -5.08  
-8.24   -2.37   -7.37   -5.99   9.23    5.70    1.95    -13.91  -10.51  -3.12  
-10.66  -7.28   -4.95   8.16    -3.91   -0.28   1.21    -1.26   -2.72   0.88   
9.52    -4.88   -6.53   -2.05   -3.73   6.28    6.92    -1.41   -14.07  -7.25  
4.36    6.84    1.16    6.92    -7.23   -1.09   -4.10   2.72    6.95    1.14   
5.96    -3.59   -10.75  -9.75   -3.46   2.72    -1.13   -7.36   4.60    7.84   
-7.94   -2.61   -1.99   -0.03   1.75    0.10    -6.17   -8.30   -9.21   13.03  
8.85    -3.13   5.92    -0.17   -5.81   -1.85   -0.28   5.24    6.59    -2.79  
8.62    13.87   1.73    -3.95   3.36    7.18    10.01   -25.02  -9.43   -0.87  
0.38    1.98    2.91    -5.13   -3.68   -0.29   2.26    9.18    2.36    -2.69  
7.11    -4.67   -15.54  1.99    -11.12  11.03   4.38    -8.57   -5.84   1.53   
4.38    -2.70   5.92    -5.49   -17.16  10.65   11.55   9.74    -2.12   5.20   
2.90    -4.59   -2.71   10.88   -2.27   -1.38   -5.45   -3.67   0.86    -4.32  
0.44    1.36    4.17    -0.05   -5.71   4.63    2.33    7.88    -0.23   3.09   
4.13    -1.62   -1.21   -8.07   -0.72   5.02    9.96    -10.05  -1.63   -9.65  
2.40    9.29    5.80    -3.29   -13.70  14.01   3.81    -5.68   -8.99   -5.31  
-0.39   -12.19  -3.24   -0.20   0.75    12.63   16.77   -9.21   -6.30   0.97   
8.82    -8.32   1.22    3.33    2.33    -1.71   1.94    -5.19   -9.62   4.46   
10.48   4.72    -4.36   -10.83  -4.69   5.41    -1.74   -5.00   -11.32  5.90   
3.40    0.21    -3.56   6.01    2.65    10.29   4.75    8.48    -2.99   2.11   
-3.37   -2.50   5.21    -2.36   0.74    -1.88   -7.17   1.94    -1.38   -2.29  
-4.74   0.04    -6.73   -3.07   7.02    2.03    -0.32   -9.61   -5.14   -0.33  
-3.44   -5.87   -5.94   2.46    -0.99   -8.10   -7.17   -5.40   -17.44  -2.02  
9.98    -0.88   2.84    -4.95   8.18    11.69   9.20    -8.96   0.43    4.02   
8.12    -2.14   0.03    8.60    7.29    12.32   11.72   -6.57   -10.96  -8.92  
6.99    4.24    12.22   -5.34   -5.19   4.70    -1.11   6.20    -1.91   -1.47  
1.58    1.44    12.62   4.95    6.26    -2.25   6.37    5.31    1.94    -7.85  
6.75    3.56    5.88    2.84    -0.73   -2.18   -4.88   2.39    0.95    -3.39  
2.71    9.59    1.99    4.06    -7.65   -4.25   -0.91   1.94    -3.45   -7.01  
0.41    -2.35   -15.12  2.49    -3.33   7.36    -5.94   -10.30  -1.28   -6.89  
9.28    -4.78   -2.10   2.73    0.43    -6.47   12.45   -3.61   -17.45  0.19   
-10.16  4.02    -7.15   -1.76   -2.48   4.41    -2.24   -9.63   -7.58   4.36   
4.92    8.59    1.35    -6.63   -11.67  4.27    -4.42   -16.42  -4.68   3.12   
-0.87   -4.36   -1.30   2.84    5.56    -0.55   9.41    -15.42  -3.62   -1.43  
-0.76   4.16    7.02    1.01    0.73    3.73    -1.44   -4.21   -2.83   -4.58  
-10.60  2.39    -7.35   -8.03   -2.25   -3.66   -1.77   -2.40   -6.26   -6.52  
1.50    4.81    13.19   4.46    2.46    1.32    3.09    0.04    3.58    -0.32  
2.25    -3.41   -6.84   4.94    -6.38   -1.25   -1.42   -7.98   -5.97   -9.38  
2.68    0.11    -2.56   -7.05   10.40   6.11    5.59    -0.33   -10.62  -10.45 
-0.33   -16.11  -8.43   -3.24   -0.50   10.43   6.84    -6.37   -13.30  -8.55  
-9.52   -12.01  -9.05   -5.57   -7.64   6.51    -3.40   2.36    7.58    -3.77  
4.96    -3.99   -10.15  -0.75   -1.49   2.71    -1.35   3.13    -23.38  -10.77 
-1.28   -1.36   -6.97   -4.86   1.44    -0.38   9.90    -8.47   -5.80   -1.57  
5.79    0.28    8.20    4.99    1.31    -5.26   2.58    -5.88   4.79    -10.14 
-2.67   -3.64   8.23    -5.25   4.28    -4.97   1.46    -0.41   2.35    -8.80  
4.87    -4.87   -8.56   -4.33   -5.67   10.16   5.07    -4.48   -11.00  -9.09  
0.15    -3.04   8.35    1.80    -4.11   -1.21   -3.44   1.42    0.77    -1.14  
-2.32   -8.22   2.88    -4.97   3.91    2.52    11.37   -2.24   -2.52   1.49   
5.98    -6.06   6.48    6.38    2.63    12.56   13.45   -4.75   -8.87   -3.58  
7.41    1.06    4.68    -15.98  -0.17   -1.78   -0.91   2.05    1.13    -6.85  
7.97    1.46    -6.98   10.70   -4.42   -4.00   -6.77   -8.45   -11.36  -10.22 
3.33    -11.65  -5.39   4.78    0.91    9.91    8.48    -9.81   -13.02  -7.15  
6.84    -9.88   -9.66   -2.07   4.95    6.29    4.85    -15.65  1.79    0.74   
8.90    -9.83   -18.70  2.36    -8.28   5.51    5.16    -3.45   -17.58  6.83   
-8.70   0.75    -0.34   5.68    2.03    -5.28   0.72    -5.76   2.66    -4.24  
15.96   2.02    3.19    -6.48   -11.12  4.55    -7.38   -5.85   -1.14   -3.86  
5.78    -2.28   -0.44   1.56    -6.20   1.63    0.11    9.78    4.05    -7.14  
-0.10   9.82    -3.85   10.23   4.48    -0.86   -4.56   5.83    4.26    -2.87  
-3.66   3.61    2.98    -4.32   -3.68   0.08    -0.21   -2.10   0.30    -6.49  
7.09    -1.17   -3.03   -12.80  0.70    -3.41   0.57    -3.40   -13.13  5.21   
7.30    -11.81  2.72    2.37    -10.21  5.39    -2.59   -4.63   4.23    -10.95 
-1.82   12.70   -10.17  11.74   7.25    11.95   2.10    -1.15   -9.86   -7.57  
9.85    -2.18   -0.89   -3.91   -9.35   10.38   12.25   -4.40   -1.25   2.91   
0.81    7.54    5.46    -0.07   -2.18   6.60    -1.12   3.32    4.00    -1.12  
1.85    5.62    -0.93   3.46    -2.71   3.61    -0.89   4.59    -0.76   -3.10  
7.55    -2.22   -10.55  -4.87   -6.48   6.44    -9.71   0.30    1.71    10.65  
-3.65   5.87    8.56    -2.98   3.23    2.03    5.85    4.38    4.19    2.41   
-1.99   -0.68   -3.18   -8.73   -0.69   3.60    -0.25   -3.85   -2.13   5.23   
2.84    0.71    -8.70   -11.70  1.92    3.66    -18.52  -11.53  6.92    -16.01 
0.43    3.76    0.47    -1.74   -9.89   3.63    5.98    1.67    2.82    -4.11  
0.64    0.22    -5.06   -4.36   0.14    7.52    10.09   -13.46  -2.77   0.62   
-1.87   5.53    -2.21   -4.67   0.52    8.74    4.75    -4.20   8.15    3.96   
9.45    -6.10   -10.00  -3.23   -16.98  6.47    -10.59  -1.36   -3.09   -7.19  
-0.65   -9.15   -6.31   -5.35   12.04   -1.60   11.77   2.73    -1.54   0.01   
1.38    -8.27   -12.71  3.19    -0.44   -2.67   3.42    -23.42  -7.66   15.09  
13.14   -1.18   -11.57  -10.70  -3.24   -0.39   9.77    -5.70   2.25    -7.26  
2.97    6.50    1.66    -3.75   -5.93   3.99    7.14    -13.76  -1.39   3.98   
2.71    4.39    -5.53   -8.76   -10.09  2.89    7.06    -1.58   -3.93   -2.17  
0.03    -4.97   2.10    -0.75   6.43    4.68    1.42    7.41    8.97    4.80   
0.57    -6.72   -9.96   10.57   0.63    3.33    9.87    -4.88   -5.16   -3.12  
-1.04   -0.95   -3.82   -4.82   -8.39   -8.00   9.96    -11.44  9.60    0.07   
0.28    3.75    -6.81   -1.03   -4.42   -5.06   18.24   1.81    -8.50   6.86   
-15.58  -18.16  -0.96   1.70    -14.21  0.57    -5.05   -5.92   -6.83   8.02   
4.35    -4.78   -4.71   -3.64   -6.41   4.35    7.02    -9.47   -1.83   -5.99  
3.27    -2.60   -3.48   -10.67  6.21    16.17   8.88    -11.87  -0.65   -2.47  
-11.41  9.53    -16.65  8.62    5.25    14.09   3.76    -5.08   -11.07  -5.41  
5.99    -4.54   9.98    0.21    -0.90   -2.02   3.95    -1.93   0.69    -0.93  
-1.44   3.61    -16.53  -12.54  -1.42   12.21   2.98    3.01    -14.07  0.21   
-7.37   0.59    0.78    1.11    2.29    17.02   -2.29   1.16    -9.11   6.24   
0.77    -0.97   -10.68  -11.58  -11.86  -6.98   -5.44   -5.86   8.18    -10.48 
9.17    1.42    -2.90   -17.50  0.92    -0.27   3.03    3.28    -3.07   -13.16 
14.94   6.64    0.51    1.51    5.74    -1.83   2.46    -8.30   -2.91   -11.39 
6.24    -7.97   -1.26   -5.44   -13.01  -2.73   6.30    -0.33   3.73    -2.65  
1.17    -1.46   -8.34   -9.38   -6.35   -3.62   -5.46   -5.19   -5.71   0.16   
-0.21   -4.97   -6.71   -13.19  -3.63   2.10    2.17    -1.50   -0.55   -2.80  
2.77    6.69    3.85    5.83    6.24    0.42    0.43    2.54    -2.99   -0.44  
-4.54   4.64    10.13   7.32    3.34    -0.55   -8.86   1.58    -4.11   -1.97  
-6.65   2.64    -13.25  0.50    -12.62  -0.93   10.12   -16.01  -1.17   -2.02  
-6.43   4.23    2.83    -5.46   -0.77   -1.16   -1.71   12.24   -1.05   -5.43  
-9.46   -0.53   -7.21   10.76   1.94    4.49    1.67    -4.17   -7.47   -0.30  
6.49    9.68    3.05    -9.31   -0.44   12.14   8.53    -3.26   -6.63   -4.52  
3.23    -0.16   -5.47   10.44   -4.18   -8.75   2.29    -8.33   1.79    9.83   
7.36    -3.13   -2.65   -1.75   7.35    -3.26   -1.71   -3.54   -0.31   -2.04  
-8.31   -6.84   -2.80   -4.53   -0.47   -2.35   -0.36   -2.17   -5.06   -10.04 
3.40    1.64    3.27    2.74    5.51    -7.09   9.65    6.93    5.10    0.91   
2.22    -3.82   -3.26   -6.36   1.04    0.98    5.06    -10.12  -5.09   -0.65  
7.18    -11.57  -6.55   -6.32   0.33    7.58    5.66    -6.77   1.86    4.43   
3.58    -2.15   -13.83  1.02    -1.04   -5.10   5.37    -6.76   -9.82   2.18   
-2.44   -4.41   0.69    -4.57   2.82    6.48    -14.02  -14.95  -5.69   -7.59  
2.12    -0.97   5.67    0.74    2.60    -6.02   -7.58   -13.46  -11.38  4.96   
0.26    9.26    11.26   0.05    -2.79   -7.48   -5.67   0.49    -4.89   -0.79  
-9.67   -8.38   -13.20  -0.00   7.14    1.60    10.15   -9.37   -3.38   4.12   
-2.01   6.48    -8.39   2.80    2.44    13.69   0.28    -10.11  -11.89  -1.20  
-5.88   -8.69   -9.88   -11.11  3.73    1.09    -6.70   -8.75   -0.92   -1.49  
0.00    -11.48  3.29    7.63    -0.79   10.88   -5.19   -4.40   -10.99  5.31   
-3.25   -8.47   4.31    -0.38   5.45    11.51   4.47    7.14    -7.62   -4.40  
16.03   -17.05  -3.78   -5.93   -9.81   2.83    8.49    -9.59   -4.92   -3.61  
3.39    -3.98   8.45    -5.24   -3.09   -5.16   10.18   3.44    -12.41  -7.95  
-1.24   -18.14  -5.49   1.62    -3.70   -0.92   4.13    -16.99  -2.10   -2.90  
-7.35   -7.19   -13.52  6.37    1.03    8.53    -5.96   -11.89  -2.72   -9.51  
3.19    4.19    1.87    2.04    0.28    1.97    3.25    -0.85   2.90    -0.46  
0.85    -0.10   0.10    1.89    3.63    1.90    -2.38   7.39    -1.42   -7.30  
12.88   -5.76   -5.69   8.08    -8.74   5.67    -5.12   -0.97   -13.56  -8.78  
2.94    -0.85   10.56   2.32    -5.03   -0.93   9.08    4.46    2.00    7.37   
-7.91   -5.65   -3.88   12.97   -5.80   6.89    -4.18   0.01    -6.64   -2.57  
4.09    1.10    11.66   0.15    2.25    -2.15   -5.35   -0.55   5.21    -2.28  
0.21    9.62    6.04    4.27    0.84    -4.32   -0.23   7.66    2.89    -2.40  
2.46    5.76    7.26    4.48    -2.31   -5.11   -8.29   6.87    -4.13   -11.14 
13.66   0.67    -6.06   8.00    2.81    2.09    5.93    -7.40   -14.12  4.55   
-4.86   7.45    5.05    0.32    -11.61  2.18    1.30    5.93    0.36    -3.02  
2.58    -1.08   -2.03   -0.35   -0.17   10.59   6.02    -2.33   -7.26   6.59   
4.36    -0.90   2.11    7.25    -4.68   -1.48   13.12   -15.08  -0.13   0.55   
6.07    0.88    -2.52   1.85    -8.36   1.69    16.46   -10.68  -12.61  -4.52  
9.56    -5.38   -8.62   -8.49   0.10    -1.93   6.98    5.24    -8.32   -1.71  
7.61    9.00    8.54    4.63    -4.20   -0.53   -0.18   3.48    2.96    -4.20  
8.17    -3.13   6.38    -7.12   4.02    -6.07   6.62    -14.45  -2.91   -5.90  
-4.63   -0.72   -0.61   -9.60   0.32    7.60    6.69    -10.34  -9.10   6.03   
5.45    -5.07   6.22    -5.28   -7.53   2.48    -2.91   3.98    3.53    -7.09  
11.48   -9.79   -17.42  -4.05   -17.94  -2.11   6.22    -4.08   -0.28   -11.21 
-9.64   -0.76   7.71    13.95   -2.73   -2.83   -2.11   9.09    5.25    -5.37  
8.17    -5.20   -6.67   1.57    3.10    2.74    1.80    -12.86  -3.44   6.44   
6.49    -8.84   -17.71  -6.55   -4.57   -3.21   1.34    -11.45  -5.76   -7.79  
9.87    -2.13   4.78    -0.41   2.75    -3.34   6.35    6.24    6.33    1.15   
4.70    1.47    2.98    1.02    -3.42   0.29    1.49    7.95    2.38    -1.78  
-1.65   -9.61   -4.75   0.17    -1.06   0.48    -2.22   8.22    5.40    7.44   
-1.26   3.50    -0.13   0.57    4.60    3.25    1.38    -10.51  -3.26   -2.09  
6.39    -5.11   1.18    1.48    2.38    3.47    1.85    8.79    3.94    -6.69  
-9.16   7.92    -14.17  -6.15   2.80    1.26    1.33    1.90    -15.85  -14.77 
8.06    -1.16   -4.51   -5.80   -1.56   5.31    3.83    -3.92   -3.70   0.97   
7.83    -0.08   2.90    11.85   -1.20   -2.09   5.72    7.43    -6.04   -7.18  
-2.89   9.13    5.75    -2.33   -8.81   1.85    8.19    2.12    -7.22   5.55   
-3.15   -7.01   -6.67   -1.66   -2.36   9.95    3.42    -11.53  -7.89   -0.97  
2.05    1.18    0.59    -9.27   9.31    -2.24   -4.88   -9.07   -5.87   13.98  
5.12    -11.81  -7.23   -5.27   0.99    9.97    4.26    -6.63   -11.68  -3.97  
-6.86   6.96    -16.25  -0.91   12.75   13.08   -0.39   -8.13   -8.02   8.42   
0.78    -6.35   1.88    -2.11   -4.11   -5.57   1.72    1.61    5.73    -4.26  
-4.54   6.06    9.55    0.17    -6.60   -6.89   3.50    4.88    0.30    -3.76  
3.18    -4.57   -2.23   -6.64   -2.91   0.56    5.62    2.14    10.88   -9.24  
9.09    -7.69   -7.86   4.32    7.00    7.83    -6.18   -10.79  -8.72   -11.09 
-9.67   14.74   4.81    -12.52  -0.11   3.81    -4.26   -2.35   -9.78   -8.86  
2.06    0.53    7.40    -1.59   -8.93   -3.02   2.33    4.86    1.38    -4.46  
1.93    -3.40   -9.06   -14.26  6.45    -5.52   10.03   0.28    -17.68  1.19   
4.70    3.13    9.08    1.83    -1.63   -0.62   1.11    7.94    -3.29   -1.00  
-7.49   -13.77  -4.29   0.08    -6.56   15.96   5.73    -3.85   -3.19   -8.62  
-1.84   2.70    1.12    1.08    5.04    -1.38   7.77    2.04    0.44    5.44   
-6.88   3.40    0.86    1.89    5.48    6.03    4.29    0.50    -4.83   -3.56  
6.94    6.50    -0.06   -5.06   7.17    4.57    7.04    -5.36   -2.53   4.75   
6.29    -5.18   -7.37   4.07    -0.66   3.07    16.79   -13.79  -12.45  -3.99  
-4.23   -3.53   -19.15  -8.75   -11.28  1.98    -2.36   -7.77   -8.12   -0.05  
3.22    0.01    1.81    -5.30   -8.50   -2.71   -2.96   5.38    1.68    2.97   
4.20    -5.33   -12.87  -6.67   -13.07  -2.26   -8.61   5.70    -3.74   10.11  
7.85    4.45    2.25    2.47    -3.83   0.06    0.96    1.37    -11.02  -4.22  
10.74   -7.27   1.97    -7.63   0.48    4.39    8.17    -9.61   1.29    -11.23 
4.36    0.47    -1.46   -7.42   4.78    1.91    1.15    0.89    -6.13   11.96  
3.13    -9.08   -12.14  -11.79  -1.97   -1.74   -4.43   -12.18  6.39    0.84   
-3.03   11.16   -2.37   -2.22   -5.43   2.85    0.44    -5.99   -1.57   -8.04  
-1.21   -2.20   -13.93  -9.02   3.06    8.96    3.29    -15.60  3.64    -3.99  
2.57    3.36    -18.09  0.37    -2.37   12.38   -8.68   -14.23  -12.10  -9.01  
1.20    -16.33  -9.80   -7.25   13.42   12.22   -6.04   -2.76   10.70   -0.79  
-4.46   2.57    -13.75  -0.30   -9.57   4.70    4.75    -0.72   4.64    -14.03 
4.84    4.07    9.65    4.17    -1.59   -4.30   -4.44   9.42    -1.47   0.27   
-4.02   -8.28   4.05    0.97    5.34    -1.79   13.77   -6.49   -0.00   -0.50  
5.89    4.21    -1.64   -3.97   -4.01   -2.06   19.03   -1.61   -2.97   5.06   
-5.42   -10.73  -6.72   -3.05   -7.85   0.93    -3.10   8.38    0.61    2.42   
13.12   3.69    -8.80   -8.90   -2.31   -3.61   -2.22   -12.66  5.29    -5.07  
1.92    8.66    -6.02   5.40    4.10    -2.59   8.25    -13.31  -2.94   -8.36  
2.74    14.03   -14.95  14.09   -3.15   3.63    5.74    5.05    0.13    5.35   
-11.01  0.51    -18.54  -0.53   -4.88   -4.00   4.65    0.13    5.28    -2.19  
-2.99   0.93    8.24    -2.55   -1.86   7.61    11.54   1.97    6.12    -3.25  
1.61    -1.38   0.58    -1.25   4.10    4.87    0.98    2.27    5.38    -8.83  
4.47    -1.63   7.38    -7.19   -0.27   2.32    0.55    8.23    5.49    0.12   
15.25   -8.26   0.95    -3.06   0.64    -0.53   0.73    -6.63   -17.43  1.35   
-0.14   6.67    6.34    2.27    -2.79   -5.81   -1.10   1.19    4.02    -4.12  
-0.97   11.97   -4.22   0.41    0.00    2.58    4.65    -18.88  -15.54  -4.28  
9.47    -9.02   -1.76   -3.45   -9.63   -1.21   6.33    -2.91   -7.34   0.43   
9.95    6.84    -14.20  -3.34   -0.63   4.08    9.28    -0.45   -11.95  -2.25  
3.02    -17.55  -3.76   -2.98   6.38    10.60   2.19    -0.10   -3.01   -4.21  
10.47   -8.41   -4.03   -3.47   4.68    -3.18   16.27   1.43    -15.09  -5.22  
-1.61   -6.67   -6.33   -5.61   2.72    -2.74   6.49    -4.48   -7.20   1.32   
6.50    8.19    0.16    7.00    4.47    10.56   2.73    -7.95   -4.91   9.93   
-3.41   -2.99   11.26   2.49    -6.50   0.79    5.89    -3.85   -15.46  -4.40  
10.82   0.37    -2.81   4.67    -9.77   4.38    3.74    -6.79   5.67    -15.81 
-1.33   -5.27   -10.07  12.99   -7.33   2.18    6.68    -5.54   -8.08   -13.59 
9.36    -4.76   -11.77  2.67    -10.77  -3.54   9.68    -19.55  4.05    3.68   
-0.98   -5.65   -0.68   -0.66   5.71    7.18    8.09    -0.80   0.73    -1.46  
-1.14   3.76    -0.85   3.88    -8.10   -0.41   2.63    6.76    10.26   3.27   
3.03    -4.36   3.17    1.19    -4.62   -3.98   -3.13   -0.11   2.51    -3.07  
4.49    -15.96  -5.42   -10.07  -1.02   4.26    -2.95   -12.06  -11.54  -2.23  
6.81    2.05    6.13    -9.09   6.82    -4.59   10.29   -16.00  -1.79   2.48   
8.91    -8.72   -7.30   -6.73   14.67   4.61    1.51    -6.06   -10.07  -2.90  
3.83    -8.73   0.86    -0.90   -0.67   3.24    -3.61   9.64    7.36    0.64   
-6.33   -8.98   -9.09   -2.10   -2.96   -1.40   0.23    -5.57   -8.29   -11.89 
4.06    -1.49   -3.34   -1.50   -8.92   7.74    6.06    -5.08   -7.40   -7.87  
17.95   15.57   -8.36   -6.32   7.28    19.48   10.99   -2.02   -2.10   -9.46  
8.89    -12.91  0.10    -6.69   -9.41   5.40    4.51    -4.57   -11.58  -1.50  
4.71    2.50    -5.47   9.44    -0.20   1.97    -4.44   -2.47   1.64    -12.45 
-0.36   -4.08   0.32    1.43    -3.24   -3.20   4.63    3.08    0.60    -3.07  
5.99    8.39    10.00   0.53    4.51    -1.90   1.66    8.09    7.28    0.17   
2.90    0.52    -1.88   1.00    -2.81   6.65    5.73    6.67    0.80    1.48   
-3.14   0.97    8.11    1.52    0.97    -2.52   -0.79   12.32   5.28    -6.51  
8.54    12.20   10.12   -5.70   3.12    1.02    5.89    -14.16  7.37    -4.24  
12.23   -0.83   -9.50   -13.53  -8.40   16.19   12.86   -1.65   2.08    -10.80 
6.72    3.39    1.49    1.25    -2.77   -0.83   6.98    -16.05  -0.45   -7.23  
1.77    4.84    -7.10   9.69    -3.11   11.51   2.65    7.26    -5.55   7.27   
14.20   4.20    -11.56  4.51    4.72    -1.81   2.71    -14.90  -14.55  2.25   
-3.55   -8.13   -5.45   0.11    3.19    -7.82   2.86    -1.65   -3.49   0.19   
-1.89   9.60    4.39    0.28    -9.00   10.41   -2.08   -4.68   -4.04   -9.40  
13.97   5.83    -0.07   -1.20   -9.23   0.58    5.19    -8.81   -7.07   0.66   
4.77    -0.68   6.47    1.88    1.71    -2.60   -0.03   6.28    -0.74   1.36   
-3.27   6.76    -12.10  -0.04   7.35    8.03    10.04   3.15    3.71    5.94   
4.69    5.24    -21.16  -4.79   5.96    1.68    5.23    -8.47   -3.19   -13.33 
-17.40  -8.32   -14.09  -9.67   -15.09  18.76   -10.78  -2.05   -13.60  -1.49  
0.89    1.84    3.95    -1.95   -4.19   -0.19   -3.63   -3.18   -1.12   -3.75  
0.91    -6.31   -4.27   4.68    -8.05   1.53    0.84    3.68    -13.04  -4.09  
-1.18   -2.48   7.80    4.91    5.06    3.74    -1.62   5.65    3.56    1.94   
0.67    -3.78   3.09    7.49    7.76    -1.72   0.91    6.73    3.01    -10.13 
-11.63  1.66    1.74    -9.25   -2.70   -6.54   4.13    -1.54   -1.62   4.47   
1.68    -20.75  -4.26   -6.12   3.03    1.75    9.61    -0.58   -8.68   -2.10  
-2.53   -10.22  1.81    -8.74   -16.03  5.45    0.16    -4.44   -14.58  -12.16 
-5.76   -9.95   -6.53   -0.75   -8.08   -0.89   9.57    -11.25  -13.15  1.45   
-7.13   -6.71   -4.08   -3.63   -3.45   8.25    5.27    -14.17  -2.08   -2.24  
3.04    -4.55   6.71    2.03    -6.93   -2.64   -3.93   2.98    0.21    -7.59  
2.00    2.62    -13.01  6.54    1.06    12.50   2.81    -4.25   3.97    -0.97  
10.49   2.07    0.28    -1.37   -13.91  -0.19   0.80    -14.64  -9.95   -2.98  
7.20    0.89    -0.15   9.83    -3.18   13.07   -1.42   -14.08  -11.60  -5.46  
4.18    4.60    -4.07   -5.22   -6.35   2.49    -1.06   -9.65   -10.64  -10.46 
-1.01   3.44    5.28    4.75    -3.51   -1.82   -0.87   -3.95   -2.13   -5.00  
-0.32   -3.80   -11.30  6.00    -8.85   4.40    1.16    6.16    -2.41   0.73   
3.18    3.17    8.73    4.68    -3.19   1.13    -1.49   0.37    6.62    -6.20  
-1.72   1.81    5.11    7.52    4.29    -3.45   2.00    12.99   1.45    -2.92  
5.99    -4.32   -11.76  1.35    -5.49   1.79    -12.64  2.35    5.39    -16.52 
2.20    0.46    3.77    -18.35  0.68    2.48    10.03   2.42    -1.35   -9.19  
-1.31   -1.27   2.44    4.79    -9.22   -5.04   -4.75   -1.64   -3.35   -7.65  
7.79    2.59    -6.37   -9.44   -4.04   -4.70   -4.02   -3.30   9.96    0.18   
-3.40   3.01    -21.36  -10.44  7.76    -6.19   1.00    -1.51   -18.11  -4.52  
1.19    -8.72   -11.34  4.17    1.28    15.39   4.78    -0.43   -2.28   -14.60 
-2.35   1.55    13.16   -5.17   -0.09   9.46    9.85    -4.53   -11.91  -2.15  
-2.54   -11.08  3.12    2.86    -8.21   1.55    6.78    -2.93   2.07    -11.21 
0.12    -7.58   2.83    -2.13   -7.80   3.66    2.58    -4.98   -1.77   2.65   
2.56    6.60    6.05    1.15    -6.92   0.21    5.38    4.85    -2.75   -1.75  
1.95    -2.01   -3.26   2.70    5.71    -4.37   7.91    2.66    5.92    5.61   
3.33    0.58    0.14    -3.65   4.84    -2.80   0.73    -27.10  -3.01   -0.76  
6.30    6.06    8.48    -0.38   -1.35   -4.31   3.01    2.12    3.05    -4.03  
1.08    -1.66   2.01    -1.02   -1.96   -0.96   -0.16   4.44    0.56    6.30   
-4.14   -0.27   5.54    -3.41   -3.48   -1.60   4.25    5.68    7.58    -7.43  
-3.97   -5.53   -11.61  3.94    0.79    1.75    11.27   -6.84   -6.86   4.27   
-11.67  0.07    5.50    15.48   -3.83   5.13    -0.12   -5.02   -9.95   -8.09  
3.07    -2.47   4.78    -8.49   6.53    -8.45   -4.40   -18.35  -3.40   -1.79  
3.74    9.41    -11.90  2.17    -5.12   10.62   4.33    -5.75   -0.62   -6.92  
-0.27   3.36    6.76    -1.81   -4.60   -0.55   -1.39   11.59   -3.11   -8.13  
4.27    1.10    3.90    3.33    3.24    1.11    -2.03   -3.77   2.17    -11.87 
4.72    2.35    1.38    1.31    -1.21   0.04    5.48    -10.05  -3.14   -1.97  
-1.89   9.11    1.60    3.37    10.12   14.14   9.99    -16.47  -0.36   -1.80  
10.89   -5.98   -3.34   -7.44   0.81    -3.56   -5.91   -4.98   -8.66   6.77   
0.62    4.74    13.06   -5.03   -9.67   5.03    -1.72   1.12    1.38    -4.09  
0.91    1.66    4.58    4.13    3.31    -2.09   2.81    7.11    1.99    -5.73  
-6.76   -1.59   6.13    8.51    -18.62  -3.23   10.77   3.56    1.32    -2.99  
6.57    -8.97   -12.97  -0.38   4.80    5.76    6.81    -1.13   1.87    -0.88  
-1.12   3.12    -1.60   3.48    -0.40   8.09    5.07    -7.81   1.21    -2.76  
-2.39   1.33    1.02    -5.19   -6.90   4.47    0.18    3.75    6.72    -8.96  
2.83    -1.19   3.65    3.39    -1.52   -4.06   0.63    1.28    -2.02   0.93   
-7.82   4.17    -3.85   8.44    3.35    7.39    11.07   1.64    -15.04  -0.45  
9.55    5.40    -16.96  -0.10   -11.04  -9.73   -8.50   -1.13   -8.02   -7.12  
-3.03   -1.69   7.31    8.35    -5.90   1.20    0.18    4.55    -3.38   -3.30  
12.55   -0.79   0.87    7.73    1.64    4.08    -0.64   5.31    -0.76   -1.39  
6.16    -0.38   -11.18  16.62   -13.52  6.88    3.72    1.14    -1.76   0.06   
-2.90   -0.68   -4.01   -3.97   7.01    -5.54   -2.04   -6.84   -12.59  -5.55  
12.43   7.16    -6.00   2.87    3.79    14.14   6.52    5.85    -8.90   0.43   
4.14    -4.81   5.41    -6.78   11.04   4.94    1.75    6.77    -3.79   15.94  
-6.87   4.58    3.68    0.62    3.69    7.38    -1.82   0.89    -1.63   -3.08  
-2.83   2.71    5.91    0.79    -0.69   2.27    -0.51   8.57    7.70    -0.66  
-4.26   -3.53   1.08    5.44    1.91    -2.34   3.90    6.29    -2.67   4.41   
3.97    7.15    2.67    -0.33   -2.22   1.80    -0.57   -0.68   3.44    -2.57  
-5.44   -7.98   -13.53  0.63    -7.45   14.65   10.09   -4.30   -10.63  6.32   
4.01    0.93    -9.60   8.12    -2.53   -3.45   9.60    -12.40  2.32    -0.84  
2.86    7.38    11.16   2.52    10.68   -9.41   -3.97   1.95    6.09    2.81   
3.55    -6.33   -14.49  -12.96  -4.25   1.76    11.15   -8.69   0.38    2.79   
-4.03   10.56   10.45   6.47    3.99    -4.08   1.15    8.37    6.96    -4.51  
-8.22   -10.63  -7.01   -3.45   -5.61   7.10    8.02    -2.46   -2.32   0.21   
1.74    1.16    -5.50   0.83    -7.85   7.87    3.03    -12.09  -8.25   -8.59  
8.63    6.91    -8.64   -11.81  5.62    4.21    -2.55   -2.86   -7.22   -15.39 
0.89    1.69    10.56   11.94   5.92    -1.08   2.44    0.19    1.40    -1.97  
-1.52   -15.04  -4.47   -0.71   3.72    16.43   4.71    -9.22   -0.60   2.63   
-11.08  -10.22  -16.03  1.53    -1.13   1.46    0.22    -9.44   6.27    -12.75 
4.66    3.67    7.66    10.84   -1.87   -1.88   -2.89   3.80    4.45    -0.94  
1.15    -7.30   1.70    -7.96   -8.23   0.55    -4.82   -3.51   -2.89   -21.63 
10.40   -6.33   -2.85   1.65    -10.48  9.23    20.91   4.41    -14.44  -3.53  
0.97    2.03    2.22    1.10    -1.90   6.59    -6.72   8.26    -1.85   1.07   
8.99    2.30    0.36    2.21    -6.54   8.14    2.43    -8.53   -9.77   -2.10  
-5.41   6.69    4.71    9.07    0.69    -3.76   3.56    8.09    10.43   0.90   
2.28    -8.80   -6.21   -3.20   4.75    -1.51   18.49   5.32    -9.79   -0.41  
-1.81   -20.48  -14.93  9.55    -2.97   12.44   4.52    -12.03  0.82    0.07   
1.16    3.55    7.94    5.97    -0.20   -3.46   -0.73   -1.30   8.77    1.72   
-11.58  -13.50  -5.67   -9.81   4.14    -2.15   9.08    1.60    -3.04   -9.79  
1.64    3.24    3.77    0.97    3.13    -6.46   -0.16   5.31    7.41    -3.76  
2.84    -1.58   -2.99   4.23    -1.95   2.56    13.50   3.48    -6.51   -8.02  
6.79    6.69    -6.17   -1.31   6.79    6.69    6.90    3.18    -2.17   -2.36  
-7.83   -2.29   -8.20   -6.84   -9.79   -6.00   11.07   1.80    -6.48   -1.21  
11.43   0.03    -3.82   0.45    3.46    4.92    -5.41   -15.10  -0.09   0.06   
-4.26   -5.67   -6.16   -2.60   -10.30  1.69    13.55   -8.79   -2.98   2.21   
3.84    -2.93   5.58    -3.52   0.22    -0.28   -2.23   -0.15   -0.31   -0.23  
2.65    -3.42   -13.90  13.53   -11.37  1.28    2.47    -0.58   -8.96   -13.32 
-2.44   1.43    -0.17   -0.12   -2.00   0.80    1.34    7.20    -3.45   -8.28  
-2.89   4.23    1.55    3.41    -8.68   2.83    -4.56   1.51    3.48    -9.72  
3.38    -2.22   4.60    2.52    -0.39   -0.44   4.54    -0.54   1.56    0.53   
1.93    2.68    -3.44   3.11    -5.35   16.45   10.45   -0.81   -10.59  -5.62  
9.45    2.32    9.34    -1.37   3.13    4.76    -2.25   13.28   6.24    1.63   
7.07    4.91    0.04    -7.52   -14.13  4.23    -2.02   -8.15   -3.20   -6.81  
2.57    4.49    -3.10   -13.10  -2.91   3.57    3.72    1.70    -1.59   -8.90  
-0.82   -5.78   0.11    -0.15   -3.56   -0.65   0.09    4.40    7.98    3.33   
-1.42   -7.92   -10.28  -2.98   -1.93   0.86    3.87    -5.22   -0.10   -6.67  
-2.20   -0.92   -6.92   -2.50   2.00    2.52    -1.09   -1.03   2.80    -11.05 
0.67    -12.23  -9.96   5.66    -3.12   1.77    -1.40   -7.34   -8.28   0.71   
4.62    0.94    16.16   -6.59   -5.31   -1.05   -1.79   0.28    2.39    -4.72  
2.61    7.67    3.93    -4.00   -1.36   -2.36   8.94    5.10    3.38    3.51   
-4.95   -13.69  6.26    -0.25   -13.27  13.21   3.23    -4.20   11.77   -2.43  
2.12    -0.31   11.20   0.57    3.14    -1.62   -3.68   -0.50   6.88    0.25   
-1.53   -20.05  -8.70   -0.84   -8.58   5.63    2.58    9.26    -3.08   0.77   
3.94    -4.46   0.01    -3.91   -5.25   -0.82   -10.54  -7.63   -5.08   -4.41  
4.95    -11.47  -2.98   -2.63   -1.83   9.32    2.24    4.00    -4.66   1.60   
-6.18   -12.37  -9.52   6.61    -9.68   7.01    6.72    5.81    -3.04   -12.34 
-7.79   -0.06   -11.65  -3.50   3.93    4.18    1.37    -14.98  -5.55   -1.80  
-0.26   2.95    3.90    -4.23   5.74    2.52    -2.90   2.63    1.67    -0.11  
10.06   -4.43   2.44    -3.91   0.92    -1.56   9.87    -7.05   1.19    -7.13  
3.71    -2.62   2.42    -0.62   -1.47   3.17    6.99    -5.26   0.54    -2.77  
0.21    5.66    2.30    -2.50   8.00    1.79    -2.03   2.62    2.98    -0.58  
0.14    0.45    10.11   1.64    -6.76   -8.26   -0.35   9.83    4.46    -1.06  
-7.49   1.05    -4.79   8.94    3.96    1.04    -8.85   -13.92  -12.51  -1.92  
-0.39   7.51    3.75    7.23    -2.23   1.46    7.01    7.47    -1.32   -6.31  
2.06    -1.78   -12.28  11.95   10.29   8.17    1.85    -7.01   -8.85   -0.98  
-6.31   9.45    -3.13   8.22    2.69    17.35   4.55    -10.09  -9.83   -4.97  
1.63    -3.60   -13.88  -0.35   -2.62   8.33    6.47    -3.74   -4.34   1.45   
0.95    -9.72   -14.04  -3.93   -0.17   3.23    8.86    -13.59  -1.30   0.11   
13.37   -7.23   -13.24  1.97    -6.65   7.40    4.22    -0.69   -1.90   -6.81  
6.62    -1.84   11.82   1.05    0.95    3.31    -0.37   -6.94   -6.20   1.67   
11.24   -11.96  1.79    -4.36   -8.86   -1.84   4.98    -9.21   -13.89  -14.11 
3.33    0.29    -7.60   0.24    4.76    13.55   5.47    -8.51   -7.43   -11.39 
-8.06   -5.14   0.34    -2.51   -11.40  0.49    1.22    2.49    -5.29   -4.94  
2.62    -15.66  -4.92   -0.82   8.42    -2.75   -3.40   -6.79   -0.97   -9.32  
-4.89   4.81    -10.70  -1.96   -4.76   -0.76   2.04    4.14    -0.35   4.80   
12.90   2.73    -6.99   15.17   3.88    4.35    2.35    -4.58   -4.38   -2.85  
1.78    -4.10   -3.11   0.45    -3.60   3.10    5.47    -16.42  0.22    4.94   
0.97    -0.06   -13.78  -1.00   7.50    0.47    -4.72   0.69    -11.61  2.71   
4.56    -15.03  -17.18  -11.95  -4.01   7.63    -6.93   8.10    -8.18   -10.95 
1.06    5.45    -0.08   -5.99   2.05    7.00    2.65    6.07    -6.17   0.98   
1.18    -4.84   -9.16   -6.33   -12.79  15.23   -4.58   7.35    -4.07   -10.22 
4.27    2.43    -5.89   -0.74   -9.88   7.74    24.24   -7.95   -6.34   -8.01  
0.98    -2.49   0.11    -7.17   -5.13   8.46    -2.55   -7.53   0.09    7.30   
7.10    2.33    -12.10  -5.04   -3.80   6.41    9.27    -1.12   -4.13   -10.35 
10.35   -3.67   -13.09  1.02    11.86   -1.04   13.43   7.57    -13.32  -1.76  
4.47    -13.81  -10.34  3.94    1.63    -5.73   3.02    -12.65  -2.80   -16.71 
1.75    0.99    6.26    0.21    3.89    -3.10   8.28    -2.02   2.46    -0.19  
2.95    4.19    5.10    6.39    7.53    -2.97   3.95    8.52    3.74    2.57   
6.36    10.53   -4.05   -2.40   11.20   3.28    9.33    -5.21   -14.85  -6.46  
1.29    -7.17   -1.38   2.50    9.44    6.72    11.92   -1.73   4.49    -7.37  
2.72    -0.12   -21.91  2.87    4.68    -6.01   5.54    -9.24   -7.93   -6.78  
0.36    0.14    -18.94  -2.84   -3.83   1.36    2.67    -11.97  6.50    -9.91  
13.51   -8.89   -0.27   2.38    -0.46   14.09   -3.61   -7.66   5.99    -3.48  
-1.71   1.72    -15.67  -7.89   -2.01   -7.01   -3.81   -9.79   -7.73   2.62   
1.46    2.21    0.91    -0.65   2.00    1.31    2.75    8.85    9.04    -3.01  
11.30   -3.55   -13.66  0.49    4.45    2.36    -9.11   -7.11   -0.53   -3.83  
-2.26   6.16    4.81    5.77    -7.01   -6.32   -4.46   4.92    4.60    -8.12  
1.58    -4.74   3.53    -2.44   3.76    7.74    0.03    -0.56   11.60   2.46   
1.33    -4.54   8.69    -2.77   -0.06   0.16    0.77    5.16    -1.97   0.03   
-0.36   -11.28  -15.55  -0.96   -1.80   11.50   4.76    -10.94  -3.61   -5.51  
6.49    7.64    -16.16  2.88    -10.97  2.43    10.05   -10.84  -1.60   -9.84  
-5.10   3.20    4.30    4.14    -3.01   0.35    4.36    0.59    0.25    -2.28  
-17.73  -9.03   -3.14   -0.05   -4.30   -2.87   4.80    1.71    3.52    0.78   
1.85    -3.79   -12.90  -6.74   5.33    4.94    14.09   -3.14   -5.73   -4.79  
-1.74   -5.16   -10.70  -1.35   -10.60  0.99    17.58   -9.66   1.29    9.38   
6.81    -11.62  -5.37   -3.26   5.38    2.04    5.43    -13.00  -7.84   -1.65  
6.45    2.98    -1.86   4.60    -1.28   -1.35   -0.51   -0.03   -15.23  8.52   
0.82    -7.44   6.00    -1.74   -0.02   6.22    10.27   -9.60   -13.57  -0.82  
-7.03   -1.36   -5.89   -1.19   2.38    1.11    -1.99   -9.28   3.74    -4.50  
-10.30  4.45    4.93    -6.46   -4.16   5.84    10.32   -5.59   -1.57   -13.51 
-3.23   2.06    3.49    3.32    1.47    1.79    -2.06   1.41    1.38    2.76   
-5.37   -1.35   -13.79  8.84    -9.84   -9.20   9.62    -13.24  -0.36   -8.79  
10.07   -4.70   3.95    4.44    -8.54   7.96    -2.57   -6.24   2.40    -8.10  
4.02    -1.89   0.90    -6.93   3.27    0.62    -4.74   -4.56   3.99    -6.25  
3.14    3.49    -3.58   1.37    0.91    2.67    -3.78   -9.26   3.25    -7.27  
-0.23   -2.31   2.89    -0.25   0.27    -0.50   1.36    2.55    6.40    -0.09  
-3.47   -0.72   15.16   3.13    1.61    -1.32   7.26    6.45    -2.17   -1.26  
-3.13   11.24   -13.88  -2.75   5.94    -4.97   -1.35   -12.38  -3.98   -4.46  
5.15    -1.09   3.27    2.93    0.32    4.89    -2.93   2.16    -3.62   -2.14  
-0.62   -12.39  -1.15   -9.61   -5.19   0.08    -2.49   -7.87   3.98    -4.17  
-1.17   -8.47   -7.38   -9.48   6.09    -1.28   -3.92   7.34    -8.67   -12.41 
8.51    16.00   -3.00   -5.83   -9.47   3.38    7.82    -0.41   6.29    -7.27  
8.03    1.23    -8.00   -0.25   -8.24   -9.89   -4.03   -4.95   -4.88   -1.74  
-0.33   -0.28   5.62    -4.29   -0.74   -2.85   -0.80   -0.76   0.42    -1.49  
5.39    -3.58   -6.20   -6.00   -0.06   -8.02   2.90    -2.74   0.22    -13.98 
13.90   -3.76   2.23    -2.37   11.58   0.64    12.29   -18.61  -3.31   6.83   
8.84    1.78    -2.92   5.34    -11.93  -1.70   1.00    8.69    0.78    8.93   
-0.92   -3.05   -4.77   8.08    -1.75   16.98   10.26   -12.32  -3.14   5.63   
-7.53   -4.49   -1.43   -1.86   2.96    -2.30   14.68   6.55    1.60    0.08   
3.00    -1.18   -0.82   5.73    1.30    6.38    -3.33   -8.52   1.91    6.42   
2.93    1.48    10.53   3.81    1.34    1.64    -0.76   -1.71   6.49    -7.39  
-5.46   -1.66   2.93    -10.69  1.41    -5.20   8.95    -10.39  -5.56   4.35   
6.87    -4.02   -14.40  0.89    -9.83   -6.08   9.04    2.28    7.00    3.80   
9.36    0.99    -8.32   4.03    6.16    7.67    -8.88   -2.35   1.70    -1.64  
2.01    -5.54   -7.05   2.94    -5.38   -6.41   -1.24   -10.10  3.88    -10.91 
-2.12   -4.32   -8.05   1.45    -0.26   17.30   4.66    -6.38   -13.93  -16.20 
7.83    -0.01   -1.90   -13.74  2.88    0.96    -8.10   3.83    -14.80  3.07   
0.49    9.84    -7.46   -5.05   2.09    1.77    -2.55   -2.81   -8.51   -3.74  
9.62    1.85    -1.29   4.35    -5.38   1.80    0.85    3.06    0.89    -4.30  
9.55    -0.68   -7.65   -14.99  -11.24  -7.93   -0.81   -13.27  -5.81   2.44   
-1.92   -2.96   -5.21   8.38    -9.18   12.09   7.23    -14.44  -0.83   0.91   
7.88    -1.20   -13.47  8.28    -3.21   -1.38   -4.30   -9.33   -8.28   -8.84  
3.83    -2.74   8.41    -2.82   -4.80   -3.79   5.40    -1.34   -4.82   -2.57  
-0.90   -0.95   -8.03   -0.43   -3.37   -3.55   21.45   -6.39   -4.37   -2.40  
3.49    -1.07   -10.19  1.42    -0.11   5.77    3.91    -0.39   -8.52   -6.23  
9.09    -0.08   -0.91   7.23    -5.45   -3.42   3.38    -10.37  5.21    -5.70  
9.61    0.86    6.94    0.01    -2.28   -3.62   1.34    1.54    -6.43   -4.78  
3.85    -3.11   -4.87   3.15    3.31    8.91    4.20    -12.34  -0.53   -7.87  
6.69    0.40    3.76    2.45    -8.26   -2.08   2.70    4.14    -3.78   -5.42  
3.85    -1.71   -0.69   -0.06   1.30    1.89    -6.48   -7.34   1.40    -4.49  
-2.53   -4.00   3.68    -6.89   -8.06   4.13    5.91    -6.72   1.38    -6.25  
-5.93   -5.89   -7.68   -8.54   -18.14  3.02    8.03    2.13    2.52    -0.16  
6.47    -8.10   -8.27   2.72    -3.14   -4.21   6.93    -6.96   -6.43   -0.29  
0.29    -2.07   -13.08  -6.78   6.58    7.70    6.56    -11.02  -13.60  -12.49 
5.33    -9.28   5.70    -0.12   -0.59   3.87    -7.35   -5.02   -8.66   2.17   
2.98    -12.05  -6.97   -6.23   4.25    5.88    7.73    -6.27   -12.20  5.73   
3.41    -4.73   2.42    9.13    9.49    0.50    5.27    -3.80   -11.59  -4.12  
8.48    3.09    -13.82  1.25    -9.33   5.38    -2.21   3.94    -1.26   0.19   
3.10    0.75    -7.14   -2.72   -1.87   20.84   -8.11   -15.36  -7.62   2.11   
0.40    -1.63   7.16    2.78    9.56    6.56    -1.36   4.71    -0.46   -6.08  
8.36    8.12    -14.72  -3.00   -2.36   2.98    3.35    10.60   2.98    -1.51  
-0.78   7.68    9.82    6.33    5.72    -5.16   -0.81   -2.53   10.42   -1.51  
7.95    -6.97   4.12    -3.92   7.78    10.07   5.54    -5.89   3.46    6.27   
-14.21  6.76    -8.61   -4.61   9.27    -11.07  4.31    -6.72   3.68    3.83   
1.42    -2.48   -4.04   -3.33   0.26    -2.14   1.20    -0.90   -15.19  1.27   
4.75    -6.77   -3.60   -2.89   -5.37   -9.47   6.47    -2.41   -2.09   6.11   
-3.65   6.66    0.19    -1.72   -10.52  7.28    -2.26   -1.89   -11.29  2.23   
0.34    -2.33   -18.67  -8.72   -1.48   -2.63   14.92   -8.60   14.58   -0.52  
2.88    -3.40   -15.90  -7.44   -8.98   5.04    -6.09   7.46    -12.13  6.04   
2.75    -2.20   9.04    2.31    2.83    0.74    5.79    5.61    4.43    -3.79  
-3.02   -0.43   8.03    1.20    7.34    -3.26   -5.04   1.88    1.91    -4.04  
-2.67   2.91    -1.27   7.70    -0.91   -3.41   -2.44   -5.33   7.79    -8.09  
1.81    -3.34   -3.62   -1.95   -1.34   4.26    4.73    -0.54   -8.20   -12.13 
1.90    -2.35   -8.32   4.19    -3.62   11.42   -1.13   -16.46  -5.60   -14.87 
4.32    -16.84  -0.60   5.41    -1.87   7.59    -1.63   -3.36   -0.69   0.29   
4.21    -3.87   7.28    -3.68   6.91    2.55    -1.47   -0.78   0.02    -8.19  
10.93   -2.89   -0.95   6.40    3.47    10.19   6.54    -5.49   -12.58  3.68   
-2.72   8.17    7.78    -0.95   0.85    2.65    -3.47   6.24    -7.26   1.38   
5.12    -3.95   -11.87  4.33    8.10    -2.47   1.92    -12.94  -4.84   6.25   
13.92   -2.47   -15.03  -14.98  -9.15   10.22   -2.67   -6.79   -3.48   7.38   
-7.09   -8.83   -17.68  5.54    -5.53   8.00    -5.54   -0.60   -5.55   -9.18  
14.09   -7.72   -8.00   -0.10   -7.21   6.25    12.30   -0.24   -2.87   -17.95 
6.30    -9.76   -2.58   -8.61   -13.16  6.18    7.32    -4.11   -3.39   -7.93  
-0.21   -8.07   -11.72  -9.18   5.39    4.86    -3.40   -3.12   3.30    -0.43  
5.65    8.74    6.58    -3.51   -2.94   3.12    -4.96   1.78    0.64    -3.18  
-9.31   -3.36   -8.61   -7.27   -5.03   0.51    4.16    6.07    -9.58   -3.31  
3.68    -3.54   4.57    5.52    -1.16   -2.92   0.94    7.80    1.77    2.89   
-6.15   -11.23  -7.24   12.80   1.03    2.95    10.66   -0.23   0.32    -9.55  
-4.20   3.62    -3.62   0.08    2.29    -8.33   -2.90   -7.39   1.25    -9.78  
6.09    6.43    7.24    0.94    -7.21   0.25    8.33    0.50    -3.13   0.78   
9.46    -6.93   -2.93   -12.00  5.05    9.93    -5.68   2.89    -5.34   -1.72  
4.96    0.23    -7.92   -4.91   -8.37   8.27    21.17   -4.78   0.39    -5.28  
4.47    5.97    -0.24   -2.60   5.45    10.88   7.19    5.52    -6.07   7.89   
16.93   -0.36   -7.92   -0.23   2.49    -2.13   -7.93   -1.64   -5.39   -3.26  
5.75    -8.71   1.82    -1.13   2.05    -6.42   16.19   -2.02   -11.46  7.23   
1.24    -2.90   2.26    -0.12   -2.40   -2.63   6.77    9.42    -0.09   -6.55  
-1.68   -12.45  -5.47   8.52    2.18    5.61    0.12    -3.43   -2.48   8.43   
0.21    3.66    3.27    -1.38   -0.81   1.21    3.86    2.55    -1.23   -9.60  
0.57    -9.69   -13.11  16.86   5.71    3.39    -1.89   2.29    5.80    2.43   
4.45    -9.54   3.99    -4.16   -4.84   -1.03   -1.10   -3.95   2.16    0.73   
1.96    -2.13   9.10    -3.12   -4.73   -0.41   7.27    5.32    10.78   -2.21  
-0.29   -1.05   3.81    -2.96   1.50    3.29    -2.83   -1.05   -7.04   -5.05  
-1.33   3.11    2.64    1.65    0.85    4.05    3.93    8.16    5.71    -4.58  
0.01    14.72   4.00    -5.02   7.29    0.42    -6.54   -10.90  -17.26  -2.11  
0.58    18.98   -0.84   -3.21   -12.25  3.06    8.69    -20.20  -3.68   -8.40  
6.94    2.88    2.91    -2.38   3.12    8.04    -3.37   4.50    3.00    -10.01 
-4.74   -4.92   7.62    2.42    1.67    -1.04   0.47    10.60   -6.31   -1.77  
16.13   -11.30  10.28   2.53    -4.87   -6.47   3.82    -1.50   -3.62   1.74   
-1.84   -5.49   -9.16   -6.13   6.41    2.13    3.37    -12.09  -5.43   2.83   
7.47    4.94    -2.87   2.64    14.78   5.99    8.54    10.71   -0.41   -7.37  
6.28    -5.52   -13.86  9.49    -6.70   7.96    -3.45   5.73    -6.20   -2.34  
-7.87   2.13    4.48    -7.28   3.00    2.41    8.74    1.43    -7.75   -6.51  
4.11    -2.07   3.47    -3.79   6.56    6.22    -3.36   -13.94  -0.81   -5.92  
4.79    3.96    10.45   -6.29   -1.15   -2.68   -0.77   2.73    -8.20   -1.09  
4.13    -7.94   -4.98   -12.45  1.79    19.02   -3.93   3.29    -1.70   -7.11  
4.21    -10.22  2.26    -4.96   -8.71   -4.51   5.53    -5.57   -3.40   0.52   
-4.71   -5.12   -10.58  -5.15   0.68    3.81    -0.97   -7.46   -1.93   -9.04  
8.02    -3.57   -9.69   -2.37   -4.27   -2.05   0.89    -9.11   -4.52   -3.93  
2.81    1.38    5.51    4.38    -6.28   1.16    0.47    4.47    6.37    3.14   
2.07    2.59    10.48   6.45    0.43    -1.80   1.82    9.64    -1.43   0.07   
-0.45   3.25    4.03    7.40    2.18    -6.02   4.25    2.39    1.96    3.27   
2.08    2.58    7.10    4.76    -2.50   1.68    -0.74   3.30    -6.35   -3.27  
2.51    -3.10   3.40    -8.21   -3.93   -1.86   0.11    7.88    3.44    3.34   
2.75    8.70    3.47    7.46    -8.15   1.52    5.59    3.72    3.38    -3.74  
3.96    7.27    5.96    2.26    1.22    4.60    -4.76   -5.43   0.19    6.62   
10.51   -0.11   -2.69   -8.21   -16.13  3.92    11.76   1.16    -6.85   -5.84  
-3.58   8.78    6.74    -12.26  2.20    2.95    9.67    -8.72   -10.98  -3.89  
-2.94   -5.09   -0.04   -4.69   -0.65   6.58    -0.73   -7.98   5.60    -0.54  
11.53   -5.88   0.36    14.26   -0.81   12.67   0.98    -7.24   0.14    3.60   
6.27    -10.77  7.06    0.74    -7.86   7.91    5.40    -1.10   -4.32   16.15  
-6.74   -11.09  -8.74   -1.16   -4.63   3.30    6.15    7.71    -6.43   4.65   
-12.67  5.58    6.22    -1.92   -16.33  0.40    -2.65   -22.87  7.90    -3.81  
-1.57   3.75    8.29    1.50    1.96    0.39    1.02    9.53    2.27    -2.97  
-0.23   -0.94   4.57    -4.13   1.23    5.42    4.82    -1.61   8.32    1.70   
2.09    3.33    6.44    1.05    -1.72   6.09    3.39    8.42    -3.62   -6.70  
-4.85   7.43    13.25   -3.57   -2.15   3.66    -1.28   3.44    1.91    -5.45  
-2.48   -6.12   -6.09   -5.06   -3.60   6.69    2.25    3.70    2.48    0.39   
7.17    -5.50   6.69    6.79    4.55    4.95    0.22    -2.03   -13.29  -5.08  
12.76   -1.81   -0.99   3.72    -6.53   13.87   7.68    -5.30   -0.17   -8.45  
3.88    3.87    3.17    -6.91   1.57    5.19    -0.38   7.77    -3.50   0.47   
7.38    -1.47   0.28    -0.37   1.16    8.32    10.38   -10.24  -4.03   -3.19  
5.18    -2.99   -2.13   -4.33   4.31    21.05   -0.32   -0.88   1.42    -2.47  
0.75    -1.55   4.49    -3.00   -1.93   -0.35   -4.88   2.24    -1.75   -1.75  
9.33    8.28    -17.66  -5.67   4.28    7.94    15.74   11.60   -3.21   -9.74  
1.68    -2.01   10.31   11.20   -2.60   -0.07   7.69    -1.77   -0.02   -1.41  
3.90    -9.95   -9.42   -1.73   3.32    7.04    -8.83   0.15    -6.30   -4.76  
1.56    7.34    3.78    8.15    3.32    -2.70   4.42    5.82    5.32    -0.44  
15.58   -2.61   -9.36   -4.80   -13.97  6.27    3.91    4.57    -0.88   3.80   
-1.69   2.69    3.67    4.79    0.58    -1.16   6.45    6.55    -0.07   -5.97  
-2.75   0.07    0.54    0.74    -4.62   0.16    12.88   4.61    -4.44   -1.68  
20.39   -8.52   0.30    4.35    9.72    -11.36  13.01   2.01    1.36    -0.19  
14.50   -8.61   -16.15  2.46    4.92    -7.37   2.63    -0.44   -2.57   -9.14  
17.13   -1.12   13.60   -1.35   1.34    5.64    2.18    -1.10   -2.14   -6.10  
15.50   5.05    -15.31  2.97    -1.82   0.76    17.17   -8.69   -8.67   -12.28 
-0.73   2.40    11.91   6.70    -3.42   4.89    -0.28   12.46   8.20    -4.00  
-1.64   2.21    6.09    11.94   -4.76   -1.29   -2.86   5.75    4.09    3.25   
3.55    0.53    3.89    -7.80   6.17    12.25   -3.16   -8.10   -0.68   2.67   
16.13   -10.27  -3.34   -0.63   -14.75  3.40    2.86    -1.47   -9.12   6.59   
0.94    9.36    9.66    -4.09   1.01    -3.48   0.08    0.08    1.35    0.39   
-1.98   7.89    -3.25   -5.23   -6.15   5.89    -5.59   -12.85  6.58    -7.36  
3.60    -0.48   -1.89   3.02    -11.18  -1.58   0.94    -0.86   -10.01  -6.42  
1.11    -4.90   4.48    2.37    0.60    -4.20   5.10    -1.79   -0.61   -1.84  
-10.07  -6.14   -9.09   -2.42   14.13   5.69    2.59    -14.70  -6.04   -2.24  
-1.41   -4.75   1.22    4.50    -9.32   18.24   6.39    -20.19  -8.63   -1.88  
-3.98   4.43    -1.49   -5.03   2.60    4.06    12.58   1.94    -0.34   -11.31 
3.87    4.88    -0.65   -3.04   -1.70   -3.41   6.85    2.84    -9.00   4.15   
-6.62   -3.26   -9.98   2.95    3.41    4.28    10.46   -7.97   -3.94   -10.30 
-2.83   -6.10   -6.72   -7.81   5.11    2.96    -3.04   -4.99   -19.34  -0.41  
2.27    -3.58   -1.73   1.72    -0.94   -2.42   3.86    -12.74  4.63    -3.60  
4.74    1.92    -7.45   -12.42  -0.04   3.19    6.44    2.16    1.05    -19.39 
4.51    -9.31   1.20    -2.77   -11.72  0.47    2.98    -13.37  -3.11   2.97   
1.71    -6.28   -2.91   -12.36  0.83    13.54   5.05    -19.82  2.74    -14.45 
3.97    5.17    5.94    2.49    1.58    2.80    0.87    3.17    0.11    -0.18  
6.23    -6.06   -1.82   -2.39   1.03    2.62    3.73    -4.76   -7.60   0.49   
-0.62   -0.56   5.58    4.17    2.50    4.14    -6.76   -5.32   -13.65  -5.64  
-0.33   7.43    -1.50   -8.93   -3.40   -2.44   8.18    -13.77  -3.20   -3.59  
10.79   11.27   1.33    -3.32   -3.42   4.39    3.38    -15.12  -6.58   -4.77  
-0.59   -2.39   -11.92  -2.36   -1.70   5.60    -2.71   -4.48   -10.00  7.32   
2.73    -7.82   -10.18  -6.16   -0.15   4.61    3.53    -11.94  1.29    -9.35  
-0.41   -1.84   -14.89  -2.77   -4.79   4.74    17.29   -2.71   3.67    -4.50  
-11.99  -14.98  -5.45   6.54    -5.03   6.99    2.55    -10.68  -3.04   2.75   
9.90    2.16    -13.12  -8.11   -14.75  9.73    10.49   -2.41   -5.77   2.19   
-1.96   6.18    3.29    -8.43   -3.22   -0.51   1.91    4.87    7.31    -2.75  
-0.41   -1.46   -5.25   -2.13   -2.48   1.57    -0.59   -5.61   -14.84  3.78   
2.96    14.92   5.69    9.61    -0.46   -5.54   -0.80   5.24    -1.75   -4.93  
3.55    6.09    -13.17  -13.16  -4.57   9.11    1.38    -12.79  -2.29   -11.26 
7.07    0.56    6.06    0.26    -3.45   1.67    3.21    -4.74   4.43    1.43   
2.79    1.99    -11.22  -16.69  -0.06   2.79    6.38    -5.10   -3.48   2.59   
15.63   3.50    2.25    2.32    -6.58   9.36    1.88    -8.37   -3.73   -7.47  
0.59    4.84    3.99    1.62    -3.76   5.35    5.98    -0.82   -7.58   -2.45  
-5.39   -4.17   -13.69  -5.69   -12.03  -2.20   1.69    -14.20  -6.57   0.36   
1.59    16.37   -2.97   4.25    -11.41  -3.49   2.07    -8.31   4.37    1.86   
-1.66   -3.86   -0.35   5.37    -0.85   -2.30   4.44    -17.25  -4.50   1.80   
0.26    -4.72   0.40    -9.82   -0.33   5.51    3.28    -3.90   -8.53   -10.55 
-1.00   -0.42   -8.87   -0.72   5.17    4.93    1.23    0.00    1.91    -3.57  
1.35    2.82    0.79    -0.42   1.64    -1.27   -2.36   2.75    5.23    -6.27  
-1.76   14.80   -2.67   -2.88   -1.32   12.57   -2.99   -8.29   -28.93  -10.26 
0.41    10.62   4.62    -5.45   5.93    0.14    7.61    2.12    2.44    -13.28 
-0.61   -3.58   0.57    -4.01   -10.69  0.73    6.31    5.95    -19.95  0.49   
-3.86   -2.33   -9.42   6.54    -5.34   0.38    -1.26   -12.64  -3.25   6.27   
-4.11   -8.20   -9.84   -10.06  -4.90   4.56    7.78    10.42   -13.32  -0.90  
-3.19   -0.29   -10.03  -4.57   -3.04   4.59    3.95    0.36    -1.08   -1.18  
-2.58   -5.48   1.23    -2.17   -7.46   10.81   -0.84   -5.51   -1.68   -5.97  
10.75   4.68    -10.28  -1.58   -14.67  -2.12   4.01    -0.45   4.71    -4.45  
0.82    4.85    11.96   4.83    -0.13   3.71    -1.49   -1.67   4.73    3.30   
11.32   -1.40   1.20    -2.77   -3.30   8.93    11.55   7.20    -9.51   4.94   
9.43    2.26    -6.81   2.98    -4.20   0.97    3.68    -10.99  -3.90   -3.42  
1.13    7.66    -10.92  7.22    -8.85   4.99    -2.24   -3.62   -6.82   -3.42  
0.97    13.97   -5.92   4.24    3.76    -4.86   1.83    -6.98   -10.64  -12.82 
8.52    -6.15   -4.95   -7.04   6.25    6.70    11.33   -5.01   -7.08   -4.04  
-2.94   -3.42   -3.84   12.66   -11.20  -4.88   -0.36   6.03    -9.31   0.97   
4.01    -1.93   -2.10   -8.30   3.28    5.35    10.45   -14.22  -2.38   -5.38  
-0.01   5.17    10.11   -5.61   1.77    -0.78   0.95    3.62    -3.82   -7.61  
-0.65   0.63    2.14    0.34    -5.19   10.67   5.89    0.84    1.57    -6.84  
5.93    -9.52   -11.71  5.79    3.95    -6.93   8.03    -2.50   -8.14   10.94  
4.80    0.36    7.05    -4.87   2.65    1.44    0.03    11.16   -0.96   0.81   
4.79    -5.96   3.48    5.28    0.06    -3.96   1.81    5.49    3.50    -7.22  
14.15   -4.32   -3.41   -3.81   4.70    2.71    12.71   8.71    -5.02   -1.17  
8.63    8.05    -0.84   -4.31   0.12    -1.26   4.02    -4.98   -10.60  1.79   
1.07    -3.32   0.22    -10.14  0.09    8.90    14.20   -8.14   -2.27   -3.38  
-5.01   -8.52   -9.94   -10.55  -0.07   9.59    2.95    -0.67   -12.77  1.48   
10.91   -2.56   3.33    0.96    -0.22   2.10    -6.71   -8.55   -4.06   -16.85 
0.33    -2.07   -0.32   9.98    -6.06   3.11    11.16   -3.08   2.34    -0.95  
-6.45   -10.75  -2.94   1.03    -9.84   2.45    0.07    3.99    -5.69   -3.41  
-2.86   -3.85   -6.96   -0.46   -7.64   -9.98   -2.35   1.01    2.08    -3.33  
-0.17   -5.31   -12.87  0.39    -0.93   10.20   -1.44   -7.69   3.18    7.37   
7.84    5.55    1.85    -8.01   -15.14  3.72    8.59    2.45    0.71    -10.13 
-9.73   2.11    6.83    6.39    -0.53   2.40    3.40    -8.42   1.18    -14.31 
2.55    4.84    -18.43  -0.14   -3.47   -9.88   9.36    -4.95   -5.00   -3.68  
-12.41  -0.43   -5.80   3.85    11.04   3.02    -4.01   -5.84   -7.69   -8.83  
4.58    -6.57   2.44    -2.74   -15.47  0.33    6.69    -4.70   -6.78   -17.58 
-4.97   3.68    -6.17   11.41   -9.47   16.01   -3.57   13.51   -14.38  -8.44  
2.07    -1.95   -12.01  -6.96   -10.67  -1.63   3.78    -10.31  -13.06  0.29   
7.22    -10.42  -5.06   4.84    -2.52   2.15    9.20    -3.73   -3.54   0.25   
12.88   6.38    -10.10  -2.83   9.15    4.84    9.66    2.47    -9.60   -3.41  
-3.50   -5.08   3.69    0.52    -1.99   1.29    -5.86   0.02    6.94    9.06   
-0.55   -1.38   0.17    1.35    -1.73   10.82   9.90    -6.25   -20.23  -8.91  
5.75    1.49    -7.14   -0.00   2.76    12.50   5.09    -9.82   -2.60   12.22  
8.99    0.69    6.21    -0.67   -4.53   0.26    11.38   -1.02   8.44    -2.35  
-1.37   -20.21  -5.71   3.55    -11.21  2.45    11.32   -15.53  -2.66   -0.11  
5.79    -14.28  -7.92   -6.55   -6.29   23.24   3.18    3.42    -19.18  1.07   
2.29    -3.88   0.70    -9.30   -1.50   1.20    10.02   -1.67   -11.47  12.68  
3.38    5.43    0.16    3.50    -1.59   1.83    4.53    2.50    -3.14   -4.70  
-1.87   5.11    0.45    0.96    -8.67   1.83    -2.98   -0.94   0.01    5.26   
-6.00   -8.61   -9.53   4.93    -6.02   1.43    2.68    -4.92   -5.35   1.84   
7.71    -2.97   2.85    -1.64   -1.20   10.19   4.38    -16.31  -1.66   -0.40  
1.30    0.60    15.50   -0.82   -2.44   3.09    -0.42   0.68    -7.16   2.23   
6.38    -8.89   -4.01   0.58    -0.70   9.46    0.26    -11.78  -4.01   0.53   
13.73   -1.64   1.90    -1.93   -6.48   3.53    -7.37   7.71    -0.84   3.89   
3.15    -15.97  7.29    7.89    -6.41   4.93    3.12    -21.60  -13.38  -1.10  
-2.50   -9.33   -5.25   -7.63   5.56    15.57   4.39    -4.89   3.77    0.10   
1.33    -3.75   -5.86   -8.38   7.85    -0.84   -2.48   -5.42   -0.35   -10.11 
8.32    -6.35   -5.98   9.56    -3.18   3.04    4.74    12.29   -2.60   0.27   
1.93    7.14    0.14    -4.18   -1.47   9.35    -1.14   -6.79   0.79    -8.24  
2.73    4.10    1.07    4.84    2.47    -0.05   -0.62   3.08    3.21    -2.51  
2.07    3.72    2.42    -2.06   -12.65  1.25    -6.72   8.42    -1.88   -2.69  
2.76    8.92    8.57    6.71    3.47    -2.94   -2.89   -1.10   -2.33   -5.33  
5.15    -15.11  -9.91   -0.60   -11.49  14.82   6.34    -11.18  7.82    11.19  
5.49    -3.91   12.93   1.39    -3.68   2.36    3.54    4.87    1.37    1.04   
4.99    4.04    -11.85  2.53    -3.37   1.23    3.26    -16.01  -9.42   -5.18  
2.03    -2.74   -5.26   -9.85   -5.19   -2.62   -3.78   5.25    -4.67   -7.88  
7.39    -0.72   3.58    1.35    -10.29  -10.07  8.13    -12.09  -10.48  1.41   
-1.98   10.77   5.81    8.65    -0.10   -2.60   -2.26   3.44    4.20    0.28   
4.43    -1.00   7.74    4.48    -3.29   -0.88   -4.77   6.95    3.52    2.68   
-3.39   3.95    -12.86  1.50    -6.40   9.34    17.29   -0.46   -7.13   -3.62  
8.76    7.52    0.86    4.88    7.96    -3.48   6.56    -6.82   -10.90  -7.79  
9.88    -3.06   -1.83   -0.21   14.51   0.73    -4.63   -17.11  -1.37   5.94   
2.40    6.55    -2.08   12.06   -11.87  1.28    -3.06   -11.59  -12.42  2.05   
0.98    -2.77   3.64    0.90    -13.87  8.80    3.82    -9.99   1.05    -1.14  
3.91    1.70    -6.63   -2.06   7.30    6.72    -13.10  -5.56   -13.55  -4.88  
0.20    -7.65   -4.34   -1.58   -6.27   -8.35   1.49    -5.51   -18.07  1.52   
9.75    -4.33   -2.12   3.34    1.74    -1.05   9.33    -0.84   -7.12   -4.27  
2.85    -1.82   11.90   6.55    -6.34   2.55    0.26    3.42    2.92    -1.17  
2.38    7.52    -6.20   -2.13   1.55    1.58    -1.34   -0.38   3.29    -10.93 
14.62   -10.25  -6.90   2.55    6.92    0.02    2.80    3.52    2.34    -2.53  
-3.74   9.23    -6.33   6.06    2.12    4.31    12.61   -8.37   -4.98   -7.60  
9.02    -15.38  -4.13   -3.68   -5.18   -6.05   -1.02   -13.79  -1.28   8.04   
2.23    -11.26  -4.85   3.44    -14.28  5.91    8.81    -9.39   -4.69   -2.73  
-6.66   -4.53   15.06   3.70    -0.80   -4.67   6.96    -7.73   -1.18   4.49   
5.70    -2.18   -7.87   1.46    3.92    9.17    -1.64   -4.91   -11.15  -0.01  
8.91    -8.66   13.96   10.08   -6.60   2.14    3.62    3.18    1.28    -4.35  
1.50    8.29    6.99    -2.44   2.82    -3.98   5.13    -0.36   5.88    -5.58  
-5.86   1.36    8.93    5.22    -1.86   0.94    0.81    -3.97   0.87    -7.68  
8.13    -16.64  1.68    -8.76   2.75    3.74    1.39    0.61    -9.34   -2.80  
1.53    4.47    -2.98   7.38    -6.55   -4.49   5.37    3.40    -9.31   -14.49 
-4.92   1.37    -2.22   -7.16   -1.91   -0.07   4.85    -6.40   -16.16  -10.66 
1.63    -1.07   8.07    -0.06   -9.18   -5.55   -1.19   5.85    0.19    -0.50  
-3.32   3.16    5.84    2.16    -3.84   -0.20   -1.38   4.19    2.25    -6.60  
8.03    -5.81   -1.04   -13.21  -3.85   11.12   -0.21   -8.92   -9.34   2.45   
-8.92   -2.66   -1.76   0.36    -2.50   -0.64   7.40    -4.74   -3.66   -7.62  
0.33    -14.02  -1.75   -14.23  3.84    0.91    -11.22  -9.58   -5.83   -0.28  
7.68    -9.81   2.07    -3.73   4.55    2.19    12.97   -14.09  -0.72   -6.71  
6.86    -3.84   2.95    4.15    2.32    -1.86   1.39    1.71    -0.30   -8.08  
-2.39   0.84    5.77    -8.64   -4.76   13.22   13.52   -4.96   -2.76   4.59   
13.50   -0.25   9.18    -11.42  -4.94   -0.87   2.91    -4.37   -7.36   1.07   
-2.42   0.46    -12.24  0.20    -4.88   -5.02   8.07    -12.56  -3.94   -8.93  
17.89   -7.54   -2.42   -4.31   -1.67   -13.08  2.37    -8.22   -3.32   -0.81  
-0.03   -9.77   -6.57   -3.89   -16.41  3.77    9.43    -17.49  -3.11   1.30   
3.13    -2.12   3.67    -2.43   1.33    2.09    -1.94   5.23    -9.39   -2.24  
9.10    -3.67   -3.51   -2.77   -0.04   3.28    8.73    -9.49   -12.63  -7.95  
-4.24   -2.87   -6.04   -1.09   5.83    4.65    10.28   -14.85  -20.39  -3.18  
6.08    -10.52  -5.27   3.56    2.83    7.45    4.43    3.32    -16.71  -4.69  
6.00    -10.00  -13.41  0.02    -5.60   12.89   -1.55   -3.69   -2.01   4.42   
10.32   -5.42   -12.47  -0.51   2.38    11.30   19.58   -18.39  -1.93   -3.19  
4.98    10.52   4.01    -3.84   -2.99   1.33    11.82   1.80    0.10    -7.78  
4.72    -2.20   -3.37   0.72    5.85    14.66   5.21    -3.16   2.91    -1.79  
2.31    5.83    -0.62   -4.60   -7.22   16.32   7.85    -9.93   -10.77  -7.56  
2.56    -4.42   -12.99  3.65    -5.01   8.91    9.36    -2.60   -0.75   14.64  
5.10    1.90    6.23    4.77    2.77    3.04    1.01    2.43    9.76    -9.36  
8.10    7.13    5.62    6.48    -2.78   -2.26   1.36    1.44    -1.77   -2.22  
-1.44   -2.34   3.10    5.00    -1.46   -2.97   -2.78   -2.99   -11.96  -3.93  
10.11   -7.35   -13.79  0.43    4.42    0.16    4.02    -16.67  -8.66   -3.25  
-3.09   -2.96   -9.31   -7.23   -7.57   -1.04   5.75    -1.33   -1.80   -6.67  
-1.66   2.26    6.53    -0.52   1.36    -13.74  3.77    -9.15   4.14    1.34   
1.66    -7.02   7.06    4.88    4.11    -1.57   13.98   -5.59   -1.12   -9.76  
1.35    5.87    -3.83   -3.33   5.30    2.66    16.34   -3.95   5.45    -11.62 
-2.91   1.59    2.58    -8.98   -5.99   1.21    10.41   -9.23   8.44    -3.00  
3.84    7.23    9.61    2.56    4.45    -0.70   6.40    -0.52   5.58    -3.20  
-3.50   -4.14   -5.90   -3.18   -4.86   3.77    11.17   -0.01   4.56    0.37   
-4.57   7.91    -9.48   -5.79   -6.50   2.87    7.12    -15.86  -1.19   4.85   
6.28    -0.93   -5.89   -8.95   -2.54   0.20    1.43    -10.88  2.02    -2.22  
-1.27   -15.33  -13.86  -0.71   -8.54   2.87    -1.85   -2.17   2.02    10.21  
10.96   -11.33  5.74    -2.62   -0.67   -0.14   -6.43   -2.09   -13.72  3.73   
-4.17   -3.33   -5.27   -4.03   -5.59   13.60   -0.31   -21.04  -0.06   -7.85  
-1.02   4.79    7.05    3.34    6.63    0.34    1.88    10.45   -0.95   -4.42  
12.59   -4.14   -13.58  -14.17  -8.37   -1.40   5.89    -21.74  -9.04   -8.47  
-1.93   -1.09   7.72    3.31    2.95    -1.13   2.89    4.40    3.50    -6.29  
10.03   -3.04   -2.48   -1.79   -18.29  -0.91   4.87    -4.06   -1.86   1.51   
1.16    1.65    9.81    1.89    -1.42   -0.95   1.74    6.51    6.34    -0.76  
-1.90   6.28    1.37    3.99    0.82    4.31    -0.81   1.96    -3.12   -1.77  
-1.64   3.93    4.71    5.67    0.24    -3.78   7.97    -1.78   3.50    3.64   
-2.63   7.38    -5.92   0.23    7.05    2.65    1.65    -6.30   -4.90   -3.08  
10.20   -10.12  -15.15  10.52   -2.57   -1.46   9.77    3.17    -8.11   1.14   
-9.95   -1.30   5.23    -5.55   -7.53   15.99   11.98   -7.68   0.99    -4.53  
0.33    -0.42   3.76    2.80    6.13    7.10    -0.11   -0.96   7.79    -3.35  
14.57   8.09    5.24    6.14    -1.37   0.37    3.45    -1.59   -6.26   -4.86  
8.93    -7.53   1.32    -4.18   0.98    -0.06   -1.19   8.63    -9.48   -8.22  
-6.38   4.18    3.70    5.47    -0.10   -1.51   3.32    1.83    2.32    -2.90  
5.36    9.32    5.72    0.48    -10.26  2.01    0.74    -12.76  -5.99   -2.90  
-7.84   7.60    -2.94   -10.08  -0.63   5.49    -2.77   -6.16   0.36    -1.63  
12.19   -11.73  -11.57  -0.93   1.06    12.44   7.31    -21.18  -9.32   -0.72  
15.43   -2.48   -10.11  -6.51   -5.49   9.25    -0.02   -0.19   4.76    -14.91 
-3.88   -4.45   -16.14  -8.39   2.70    5.72    13.84   -11.49  -12.95  15.46  
8.60    -5.36   -2.30   9.05    -2.69   5.67    1.94    -17.49  -10.54  7.86   
-2.12   -14.20  -4.84   -2.60   -2.34   1.37    -5.46   6.82    0.62    -2.11  
6.11    3.06    -4.39   -4.44   7.81    0.69    -2.52   -0.10   -10.56  -9.71  
0.57    3.54    -2.78   2.83    -3.70   -7.27   -8.26   8.10    -5.69   -0.61  
3.83    0.54    2.41    -2.57   4.97    6.59    5.90    -1.62   -0.07   2.70   
-0.88   -2.01   4.01    6.63    -2.03   -3.84   5.79    -2.93   2.94    -3.47  
6.39    5.14    0.24    -7.25   -14.23  8.72    -3.31   -13.40  -1.78   -9.89  
6.25    -8.54   0.76    -1.31   0.08    -0.83   5.91    -2.91   -0.22   -1.38  
-0.78   -0.34   1.14    -12.34  -8.62   14.87   -0.75   -3.40   -3.62   1.00   
0.06    -4.25   1.91    -3.61   3.27    5.96    -7.55   1.09    -5.63   1.80   
-2.74   2.91    11.83   4.54    0.73    3.54    -3.76   4.94    -2.34   -6.10  
8.69    -6.23   -7.80   -2.80   -11.83  -5.91   -9.08   6.77    -0.79   10.83  
7.67    6.03    -20.02  13.42   -12.61  1.28    -5.09   -13.45  4.41    -1.63  
-6.56   4.00    6.01    2.45    0.95    3.81    2.02    -0.69   7.34    -1.15  
5.07    10.90   -6.48   -5.96   3.81    3.99    8.46    -1.42   -0.17   -1.53  
-0.12   1.97    2.93    7.10    -2.46   -0.21   2.31    5.63    0.31    -1.51  
8.29    -1.18   2.58    4.78    6.76    -1.21   2.72    3.90    6.45    -1.50  
6.30    3.55    0.15    -1.89   -3.41   8.65    7.67    -0.63   -17.11  -10.79 
5.70    1.71    -6.14   -5.92   8.97    2.71    -5.79   -8.78   -14.73  3.98   
6.58    1.01    6.83    5.92    3.89    0.06    -3.71   7.18    0.03    -1.40  
1.02    3.77    -2.83   -2.99   -3.55   -6.08   -0.43   1.49    0.00    -8.68  
-0.40   0.74    -20.19  -0.39   -4.79   5.48    23.17   -2.02   4.66    7.66   
1.54    5.38    5.97    -0.86   -1.51   -1.89   -2.17   8.06    2.07    -0.22  
-1.38   -7.87   -4.38   3.65    -3.63   9.20    2.88    -3.52   4.36    -11.38 
3.96    -6.69   -5.45   9.82    0.80    13.16   2.64    -0.35   -9.45   -10.59 
-2.04   1.23    6.65    -0.21   -5.09   1.30    7.66    -2.82   -3.96   -0.34  
-1.85   9.45    0.17    4.61    -1.54   1.55    5.66    0.62    5.95    7.35   
6.84    -0.94   -3.43   -3.95   -0.98   6.65    -0.56   -15.11  -11.90  -0.52  
-4.64   1.35    11.54   -5.30   -1.64   3.39    5.94    2.69    1.14    -7.98  
0.07    -3.73   8.74    3.63    -4.86   -0.80   -8.39   4.26    2.26    1.22   
4.20    9.16    -14.42  14.69   -0.82   4.32    -2.26   -13.59  -1.89   -2.18  
-1.34   -2.14   -5.50   4.20    -11.61  -5.37   -1.02   -9.67   -4.41   -16.27 
15.13   0.99    -7.87   -4.16   -4.80   5.46    7.98    -5.75   -7.22   -10.70 
-3.19   3.47    -3.55   -1.16   8.11    -1.19   0.93    -9.91   6.04    -1.30  
4.25    1.24    -8.07   -3.89   2.52    5.64    6.53    2.87    -0.99   -7.97  
-16.24  7.55    3.53    1.43    4.20    -4.23   -7.28   -0.94   -1.58   -5.37  
-0.80   1.41    10.59   2.03    -2.67   0.86    0.30    6.07    1.46    -5.47  
-8.44   0.35    -2.42   -3.68   -8.49   0.72    2.37    -4.25   -8.72   3.59   
1.04    -10.65  -11.37  2.42    -3.46   6.65    -0.09   -5.03   -9.60   -8.95  
1.88    3.47    5.60    -1.89   -5.59   -3.73   5.45    4.25    5.81    -3.05  
-3.03   -1.31   12.95   3.26    -8.64   2.82    -3.98   6.50    1.62    -2.32  
6.79    11.15   10.32   5.61    2.42    -3.03   -2.49   4.74    2.05    2.30   
0.95    -4.07   -5.65   -4.72   5.02    2.71    -4.68   -9.42   -12.07  -4.13  
-2.39   -8.43   1.68    -1.70   -4.34   -0.12   2.20    2.97    -5.19   -5.02  
-5.59   2.97    -5.23   -1.88   -7.10   -5.83   1.45    -16.54  0.31    -1.66  
4.03    5.17    5.73    2.03    -0.72   -2.26   -2.13   0.13    -3.91   -7.87  
-1.06   -4.87   -1.29   3.22    3.98    1.23    6.85    -0.96   0.53    -8.55  
-1.50   -4.86   5.32    -1.34   -1.52   -4.31   1.37    13.68   8.04    -2.06  
-3.66   -4.11   -9.69   11.75   2.43    0.54    3.53    -10.16  -8.40   -0.08  
8.03    0.80    -3.92   -11.78  7.14    -4.37   -5.29   -12.62  -3.07   -8.04  
9.43    -0.30   5.14    4.30    4.21    1.05    -3.73   -3.55   -11.49  -2.59  
6.06    -7.14   -2.34   -0.32   -4.37   8.51    2.57    -10.30  -3.70   -11.39 
-4.97   -6.90   -7.65   0.66    -4.36   1.14    3.04    -9.01   -1.57   -1.51  
-13.94  -4.59   8.87    -0.10   -4.70   6.98    5.73    2.12    -9.76   5.12   
3.49    -2.78   -2.60   -0.64   2.35    9.30    0.95    4.59    2.57    -2.31  
-0.68   -2.29   -8.26   -1.56   -8.53   2.49    -3.44   -27.94  -7.40   2.22   
-6.10   -1.09   -2.82   5.19    -4.74   2.73    -12.72  -9.74   -12.31  -4.55  
-10.42  5.24    -6.82   -6.63   -0.85   1.51    2.76    0.17    -15.15  -5.34  
4.12    10.20   -3.28   -7.60   -4.67   5.84    5.93    -6.09   -13.06  -12.13 
7.66    4.95    8.76    -2.35   1.81    -6.75   4.31    3.16    5.49    -4.15  
-0.80   -0.97   -2.21   -9.16   -13.92  0.48    -4.68   -13.50  -8.70   -6.35  
-6.13   -0.59   -0.72   4.45    4.64    7.04    -3.59   1.75    -0.91   3.80   
-0.98   5.95    4.48    6.55    -4.20   -3.98   0.19    3.00    -2.96   -3.00  
2.16    -5.87   -16.33  2.59    -10.02  12.34   3.52    -5.38   -11.62  -7.41  
-3.62   9.95    -22.56  -6.19   0.08    4.95    -2.81   -2.47   -9.97   -3.67  
3.80    5.68    2.17    -8.97   2.77    -1.63   10.85   -5.37   -16.52  -7.58  
-1.85   -5.14   -0.89   -13.34  11.01   0.19    -0.92   -8.00   -1.58   -8.83  
0.31    -2.19   5.30    11.37   -2.42   6.05    14.89   4.07    1.90    -1.41  
1.78    -8.64   3.15    15.70   5.12    7.68    -4.71   -0.82   -8.87   -3.85  
10.01   -4.28   -3.17   1.03    1.76    -1.87   6.20    -7.61   -0.95   -12.50 
-7.85   6.62    -8.29   10.14   -1.74   -1.47   11.24   10.25   -7.10   -2.76  
