13.08   5.59    1.63    -0.63   -4.58   -7.00   -4.63   3.08    20.95   -1.12  
17.71   -2.27   -9.15   -7.55   -9.85   -12.61  -3.71   2.05    4.60    5.85   
-12.62  -11.11  1.61    -6.90   -9.08   -19.25  10.11   -2.38   -2.68   3.46   
0.59    -0.25   -3.13   1.69    4.46    -2.62   2.19    -1.36   -4.64   2.29   
2.57    -10.01  -9.23   0.21    9.20    -19.59  -1.22   -8.42   17.28   0.48   
16.54   5.09    -16.22  -10.90  -10.82  -2.33   -2.99   -14.45  13.31   5.39   
16.38   -29.74  7.00    -14.55  2.20    -16.00  -8.32   3.33    3.23    4.97   
-2.39   -9.90   7.20    9.05    5.32    2.08    1.89    1.23    7.13    11.00  
11.27   -14.26  -1.28   -19.04  -0.97   7.36    -0.72   1.97    -14.46  9.43   
0.96    -10.30  -2.63   -12.78  -20.20  4.26    4.72    -1.81   5.04    1.51   
20.46   -10.29  1.35    6.56    -8.18   -11.17  -3.92   6.56    5.86    1.38   
2.24    -3.09   9.54    -8.93   7.41    -5.41   12.75   4.48    0.34    -3.88  
-16.50  4.81    -2.00   -11.65  -16.80  -5.02   -12.21  9.32    12.66   -4.49  
9.01    -1.60   -0.63   3.65    -2.52   -8.88   0.96    -2.50   4.97    0.88   
-2.44   1.04    -6.78   0.93    -7.12   0.72    -2.37   -21.78  11.58   -4.60  
6.58    -6.09   0.55    3.54    4.84    -10.75  -1.25   9.48    -0.95   -2.41  
0.39    -45.92  7.08    10.44   6.02    0.58    3.97    2.73    5.03    9.47   
12.25   -11.60  7.87    -16.64  -3.28   -10.83  -1.21   0.84    9.99    -0.76  
1.63    0.08    0.19    1.62    4.99    0.04    -0.24   -4.22   -4.69   2.56   
13.81   -22.67  11.19   4.78    -0.24   -10.35  6.00    -5.30   0.25    13.90  
3.50    -4.55   -6.23   -1.82   5.11    -4.75   0.18    -4.27   -10.58  2.94   
0.47    3.05    -12.28  -0.06   6.21    6.16    0.54    1.57    12.53   -1.37  
1.93    -3.92   -1.94   3.45    0.82    -11.69  -3.68   -5.16   3.91    8.92   
3.27    4.55    -4.69   7.49    -8.41   -21.35  -14.52  -12.78  10.40   -17.44 
23.65   -16.37  5.40    -6.69   -2.55   2.78    -1.41   -0.22   5.78    -7.42  
21.09   -0.99   0.95    -2.59   -13.87  6.46    -4.51   -6.71   11.97   5.16   
-7.41   6.18    -1.67   7.69    -4.03   -3.84   -10.94  -6.06   10.70   -12.04 
14.85   -9.97   -9.65   7.62    -2.25   -0.23   -4.43   11.10   3.20    6.51   
-16.16  -3.44   12.51   0.25    -1.71   -7.08   -0.45   -6.27   15.66   10.33  
6.80    -10.60  19.99   7.46    3.30    6.65    -3.82   2.30    0.06    4.46   
10.82   -11.51  -5.51   4.31    6.34    -4.73   -13.87  4.90    -0.40   -3.15  
-2.81   12.64   6.88    24.55   -7.69   -9.12   -4.35   -8.60   12.67   -8.68  
0.50    16.51   0.59    6.87    5.35    19.56   1.03    5.81    0.55    8.71   
12.71   -5.99   0.59    -11.42  12.33   -19.36  8.61    15.09   -0.07   1.01   
4.76    -6.44   16.21   -7.67   -8.89   -21.89  3.14    0.41    8.64    13.45  
6.99    -5.85   -7.47   -4.42   -4.91   -17.92  -0.66   22.22   -10.65  0.05   
-3.09   3.90    8.40    -10.23  -3.99   -7.52   -12.83  -12.50  -3.23   -5.64  
-9.61   4.60    -2.95   16.40   -8.77   -6.14   -4.15   -5.21   10.33   -7.60  
7.18    1.99    -0.11   -5.65   6.53    0.19    -0.83   0.08    -4.88   -2.64  
8.60    -11.65  7.53    13.70   -2.34   -7.91   0.87    4.08    5.82    12.22  
-3.89   -6.19   -6.54   -4.74   -6.16   -8.23   5.60    -17.99  8.44    6.18   
5.62    -9.37   -10.47  -5.68   3.05    7.27    6.27    4.71    8.85    10.36  
17.30   -7.28   3.35    6.99    6.57    -8.97   -0.54   4.51    -1.12   -0.70  
1.75    12.56   -13.62  4.03    7.20    7.27    -8.76   -4.40   -15.05  19.82  
5.56    -7.23   -31.17  2.76    -23.79  -19.42  -23.60  -14.93  8.88    -12.30 
3.60    5.17    -10.78  12.42   -2.57   10.69   3.80    -13.55  0.94    0.03   
4.86    -6.02   0.36    8.01    8.54    7.30    3.58    -2.97   -2.91   2.25   
-12.03  10.80   -11.79  11.96   -2.19   -1.22   -6.37   -19.64  -6.53   -6.09  
18.21   -12.58  -10.19  -4.00   -14.74  -9.09   -12.31  -2.19   -4.76   -1.29  
9.32    -13.10  14.48   3.50    -12.59  0.88    3.65    8.40    3.53    -15.16 
5.72    -11.79  1.81    9.96    -3.97   4.60    -2.74   -3.83   3.90    -0.68  
5.53    -4.41   3.38    1.79    8.18    -4.25   -6.27   6.32    14.39   0.97   
10.37   -4.47   0.93    3.49    3.98    0.77    -0.00   -6.66   -5.61   -1.07  
11.83   -12.68  1.80    -18.48  10.14   -23.55  -10.72  8.39    12.75   1.83   
14.08   -6.04   18.26   -0.01   -10.24  -14.66  7.90    7.84    2.66    -3.25  
11.71   -17.23  1.07    -3.28   14.00   0.08    0.36    8.47    -1.84   -2.82  
7.32    1.16    -14.42  -4.19   -4.79   5.93    5.65    -8.65   -1.60   -1.59  
18.31   -18.96  5.44    -19.53  -3.50   3.73    8.69    -0.87   -0.42   3.19   
9.14    12.47   -10.11  11.59   0.02    -16.63  -3.74   -2.18   13.31   4.39   
23.20   -28.15  0.48    -4.69   -10.21  -14.05  -12.07  -14.28  4.09    -18.86 
5.14    -4.18   -5.35   2.68    7.65    0.30    0.40    -7.53   -1.58   1.89   
-1.50   -1.25   -0.10   11.22   -13.21  -0.37   -9.47   -10.66  14.55   -11.02 
-3.82   11.48   0.46    2.62    -15.28  2.25    -5.14   -9.18   5.38    -10.05 
7.75    -2.62   1.62    -5.54   3.12    -7.94   -6.47   -3.07   5.19    1.55   
12.20   -6.58   9.26    -6.46   -0.56   2.25    -5.61   -2.93   9.10    19.30  
11.07   -16.64  4.20    -10.10  -10.95  -13.00  -7.77   -3.58   8.36    2.02   
-13.03  -4.06   -14.45  2.48    5.85    -7.23   -23.42  -16.56  7.55    -13.21 
16.81   -8.74   -0.77   -10.96  -19.81  -23.30  -3.59   12.21   -9.67   -3.94  
19.41   6.05    -12.25  -4.44   12.19   -16.95  2.85    -11.99  15.45   -1.77  
3.38    0.80    9.85    -5.63   0.63    -16.73  -4.27   -3.70   19.03   -5.35  
2.33    0.71    -3.44   1.48    -0.33   -3.68   -1.11   -0.09   -4.26   1.81   
4.72    -29.95  -25.60  3.44    5.95    -6.09   11.26   17.70   6.14    2.95   
14.11   8.94    -14.59  1.93    -0.06   -10.81  -0.44   -4.44   -6.86   4.83   
5.00    -24.93  -7.82   -5.60   5.51    0.52    2.41    9.03    -1.24   17.95  
8.37    -15.92  3.33    -2.49   -9.50   -3.52   -7.37   -3.51   9.66    -1.35  
18.82   -20.14  -0.14   -11.50  1.50    3.37    -15.64  -4.64   1.99    -0.52  
6.69    9.05    -8.56   -8.55   6.28    -3.00   4.98    -0.95   16.20   2.91   
9.94    0.55    -2.86   3.56    9.27    -2.51   2.38    -3.79   13.96   9.01   
8.00    -16.34  0.20    -0.08   -8.55   -10.62  -14.27  8.44    -6.14   -3.88  
10.15   -1.59   5.97    5.68    -10.98  -11.94  -10.22  1.83    -3.33   15.69  
2.90    0.42    -4.75   5.30    5.05    -3.27   0.63    -5.38   -4.18   -2.38  
4.50    15.46   -11.11  10.66   -7.12   9.99    5.84    -9.27   -5.22   -2.94  
3.55    -8.19   14.06   -3.30   12.48   -7.67   -5.73   14.36   11.32   8.56   
2.50    7.24    6.02    17.18   9.33    -3.92   -0.59   -12.16  7.15    13.73  
2.12    -5.55   2.59    -27.26  -11.56  -15.21  -3.05   8.40    -3.82   14.54  
14.86   -2.91   7.17    -6.29   -13.78  -3.60   8.51    -4.14   -3.14   7.18   
5.19    5.90    -2.18   -8.90   14.18   -15.12  -6.24   -1.97   15.51   12.93  
2.75    -9.95   16.67   -15.57  -9.74   -14.61  -0.43   8.38    9.93    9.84   
13.14   -1.04   10.55   -17.07  1.02    -4.71   -3.87   -0.52   3.47    -4.12  
17.00   -12.12  -1.16   0.85    6.59    -10.04  -0.32   -0.99   15.40   14.32  
9.53    -4.56   7.74    -16.17  -14.17  -9.01   -2.91   11.46   3.45    7.35   
21.99   -11.38  2.06    11.39   1.79    -1.49   13.16   -1.55   -4.49   11.27  
4.92    3.30    -20.44  -12.85  -7.19   -20.39  -3.35   3.03    7.20    7.09   
-7.38   5.76    -2.16   1.08    1.55    9.78    -1.15   -13.83  7.36    -1.50  
10.15   -11.68  20.15   -8.97   -11.99  1.14    -9.27   -2.48   17.21   1.29   
0.40    -11.20  11.42   -12.03  -1.82   -6.98   -11.68  -6.88   -3.07   8.39   
4.23    -8.70   2.72    10.65   -1.35   -5.79   0.56    -5.94   -0.15   0.72   
15.90   -3.27   -2.46   -7.08   -13.14  -23.32  12.96   -3.99   -7.55   13.05  
8.54    -3.98   3.16    7.73    8.21    13.67   2.86    3.28    -0.65   -10.84 
-21.55  -2.10   -0.38   13.88   -8.63   -8.21   -5.24   -15.27  -6.04   8.42   
16.16   -13.52  17.31   -6.37   -6.86   -21.32  5.53    -9.87   -2.04   32.16  
8.29    6.26    -2.29   4.58    8.56    2.14    8.21    -2.75   -3.98   4.00   
-5.60   -6.61   -21.03  5.34    8.68    5.14    -7.24   -15.42  0.23    -6.49  
3.85    -15.30  4.45    -2.42   -5.15   0.65    2.66    9.53    1.25    8.72   
2.52    18.78   -0.60   -0.57   1.05    12.18   -13.59  -4.31   6.17    -4.55  
19.04   -0.56   11.05   3.33    1.47    4.21    10.02   -8.63   5.70    12.36  
-4.99   2.18    -7.46   -14.72  0.70    -9.03   -4.62   -8.77   20.90   0.01   
-12.62  1.07    3.25    -10.34  8.04    -26.27  -12.62  7.06    9.94    17.86  
14.94   21.39   -6.07   3.84    10.11   5.08    -12.03  -4.79   1.98    10.30  
-6.74   2.89    12.91   8.82    12.31   -22.75  1.93    0.51    15.50   -2.02  
8.23    -0.05   -1.79   -7.00   10.33   -12.02  -11.96  -2.15   24.29   16.93  
26.08   -18.55  0.62    11.40   0.76    -7.54   -17.81  5.57    -6.96   14.63  
3.77    1.87    -6.56   -0.21   -6.45   -22.94  -12.51  -19.14  13.71   -1.92  
-4.38   0.92    -1.01   9.37    0.36    8.69    -4.12   0.96    -2.89   -8.26  
3.68    16.30   -0.38   -3.60   3.88    -14.20  3.28    8.83    9.21    4.03   
7.11    -4.24   -10.77  4.56    3.23    5.29    3.21    -6.57   1.39    5.32   
13.30   -7.95   7.56    7.85    -14.32  -3.16   -8.05   14.59   -13.44  13.34  
1.90    -2.06   3.17    4.40    3.05    -2.83   -3.13   -4.54   -4.33   1.96   
20.59   -0.81   9.37    -9.55   -0.55   -0.71   -9.29   7.80    0.93    -1.80  
2.17    -12.80  15.77   -13.52  19.56   -4.60   -4.22   9.39    1.07    -14.14 
4.47    -17.14  -0.45   4.23    -2.44   6.18    -13.23  -5.22   -0.77   0.24   
-8.97   3.49    -4.21   -3.61   -4.83   10.74   -6.77   -11.13  -0.66   -17.09 
8.52    -11.38  -19.27  7.21    -11.40  -11.22  -13.95  -0.89   6.82    3.78   
7.28    -0.76   -9.49   5.03    6.03    4.70    7.15    1.33    3.37    16.46  
-2.22   10.10   -1.55   -0.35   8.73    3.96    2.35    4.88    -1.82   -2.51  
1.74    -6.87   -6.04   -2.03   2.92    -1.69   12.51   -1.64   -2.99   9.93   
-0.88   16.27   -5.97   -9.45   -10.17  -18.48  -4.40   -3.92   3.59    8.70   
0.31    0.67    14.33   -10.41  -11.28  4.28    -4.92   1.74    11.70   9.74   
8.03    -14.68  -1.18   -5.55   -9.71   6.63    -5.66   6.42    -3.33   -8.59  
3.44    -4.02   0.42    3.84    1.28    -4.44   2.38    -6.69   -3.64   1.01   
12.13   -3.78   -9.17   8.71    -3.60   -4.46   10.11   -1.51   12.21   -0.05  
0.87    12.01   12.12   4.36    -11.53  -14.16  4.68    -2.64   5.06    -8.69  
9.78    -22.00  -17.10  0.17    13.46   -26.54  5.22    -23.37  10.56   17.87  
12.29   -12.12  -20.53  -15.67  -17.04  -13.30  -2.86   1.67    -0.94   7.29   
5.59    8.13    2.26    8.14    4.46    6.20    2.75    -2.96   5.83    6.02   
5.97    -3.26   -7.59   4.30    -6.17   -1.93   -14.41  2.08    4.19    6.87   
11.49   -26.43  1.79    7.73    -14.27  -11.84  -2.00   -8.47   -5.27   -8.61  
2.96    4.13    -5.98   10.72   2.15    -3.89   9.90    13.74   8.92    0.30   
5.19    -6.40   -12.60  -6.96   0.00    -7.90   -13.05  9.79    5.12    -6.26  
15.49   -16.29  -10.12  -3.49   0.58    -5.13   -8.74   16.62   -1.36   4.02   
11.51   -4.71   -1.99   -8.81   -11.93  -13.44  -0.22   -10.55  14.75   3.06   
3.70    6.16    -6.00   21.34   4.20    -3.52   12.91   -5.98   1.70    1.80   
-4.69   -12.26  -9.76   0.80    3.33    -15.92  13.23   9.61    3.87    11.17  
5.25    11.31   0.33    15.09   13.15   -6.87   2.33    -0.27   -0.33   9.96   
7.21    5.14    -14.31  11.11   5.20    0.28    2.29    -12.09  -0.26   9.57   
-1.07   -5.63   4.49    -5.62   2.00    -5.80   9.22    3.93    3.89    -13.00 
-4.03   -11.45  3.77    3.21    3.32    -2.09   13.56   -8.68   -7.40   -16.26 
3.18    -6.94   -5.35   -1.32   -12.16  -12.34  -17.96  2.78    -3.52   5.78   
7.09    -3.39   7.08    -20.82  -18.92  -5.89   1.13    -3.00   18.81   -6.30  
-1.25   -0.36   -2.44   4.54    7.17    -0.21   5.70    -4.80   -3.78   -0.38  
7.82    -19.98  10.50   -1.57   -6.71   -6.36   -3.50   2.67    6.13    4.40   
6.74    -20.08  -7.07   3.09    -19.97  -13.12  1.14    7.75    9.87    -4.82  
8.56    -18.79  -8.34   -3.98   -7.32   -16.45  -3.92   0.96    -2.16   9.85   
6.75    -15.13  5.32    2.13    -0.05   0.53    -8.15   -1.22   -2.26   1.13   
4.19    0.09    6.47    4.82    -1.54   -10.43  -5.62   2.52    4.42    2.68   
15.03   2.57    1.56    0.02    8.19    11.06   2.21    -10.26  -3.58   19.98  
3.14    0.48    -1.74   1.59    1.22    -4.04   1.06    -3.10   -7.13   -0.51  
5.83    -3.82   2.84    -9.96   -14.63  -13.95  -2.82   10.55   -1.20   11.27  
16.57   -1.71   -2.69   8.57    7.41    -2.04   4.12    -3.67   9.28    15.28  
13.58   0.63    -1.41   8.40    5.09    0.97    10.66   -2.08   6.65    -1.84  
-0.32   -1.46   3.36    -8.78   0.21    -18.77  -1.60   3.69    9.58    8.13   
8.13    -1.32   -0.11   0.18    -12.91  -8.03   -3.40   2.22    7.86    -2.06  
5.10    -1.00   2.80    0.22    -0.13   -0.11   -0.51   -0.95   -9.74   1.60   
7.82    -2.53   -0.76   0.90    5.41    0.76    1.61    -2.91   -3.65   -1.81  
3.40    -1.66   5.55    2.00    3.64    0.84    -0.11   2.98    -7.42   4.27   
4.98    -10.41  -1.38   -2.80   8.58    2.47    -3.47   9.47    -3.22   -10.07 
4.92    -3.51   -5.72   10.11   2.46    -15.51  0.28    4.73    3.79    14.72  
6.46    -8.22   4.19    -6.96   -7.19   -13.63  5.09    7.19    11.09   4.27   
2.14    -0.10   0.90    -3.52   2.23    -0.38   -2.87   -3.16   -5.73   -0.70  
10.95   -0.80   -1.03   0.07    -6.41   -13.47  3.86    -2.48   16.45   -8.92  
-1.74   4.38    13.85   -20.63  -7.11   15.55   10.70   2.86    6.50    15.08  
2.62    10.39   -5.15   4.74    -15.69  -5.17   11.80   -4.71   11.62   7.30   
13.94   3.77    0.87    -1.36   -4.62   14.78   2.52    0.36    -5.97   8.21   
7.73    -12.28  -1.41   -0.22   0.26    -5.32   8.61    1.18    2.24    6.88   
2.17    -16.63  10.55   0.69    1.30    2.32    -5.95   6.20    -5.37   4.65   
15.61   -0.24   -15.81  -18.13  -2.41   -6.42   -19.79  22.94   -8.10   -4.98  
7.32    16.69   -15.98  -8.92   6.91    -4.95   -2.31   -6.12   -1.58   9.32   
-1.93   -2.19   -6.97   -10.03  5.96    2.86    8.37    7.42    11.35   7.74   
13.53   -19.66  8.46    -15.74  -9.25   -14.97  -9.56   1.72    -7.35   1.77   
-5.01   3.30    -4.85   2.74    -0.90   -2.49   -5.03   -5.48   22.97   -4.93  
4.49    -11.89  1.20    15.73   2.86    -8.59   -3.57   0.81    -0.81   0.73   
-8.05   2.30    -1.26   11.84   2.52    -4.58   3.56    -6.22   5.83    -4.36  
8.52    3.57    -10.05  -1.74   5.29    6.89    4.30    -3.17   -0.43   17.60  
-1.04   6.15    -3.68   2.75    4.27    0.82    0.37    -3.54   -0.06   5.09   
12.72   2.31    -0.89   -6.85   -3.43   -10.24  -9.91   -30.52  12.02   -2.34  
1.41    0.54    14.56   10.35   -6.59   -0.37   1.26    -18.03  -5.60   4.68   
0.57    -4.43   -12.04  8.96    -2.67   0.34    6.52    -0.56   2.88    3.03   
3.01    1.61    -1.75   5.10    -2.12   -0.69   -0.44   -5.54   -3.04   1.39   
2.31    -4.07   -3.61   7.34    6.58    1.45    -0.35   1.04    5.19    2.93   
-0.55   -5.36   -12.65  25.70   -3.20   -3.64   -6.11   -16.28  2.18    -10.33 
23.15   -18.17  -2.49   6.70    -10.89  -11.74  5.19    9.78    0.66    9.06   
16.10   1.91    -1.14   5.73    3.57    -5.46   -11.87  -3.63   5.23    3.54   
20.10   -8.44   -10.94  -9.52   4.51    -10.09  5.14    -2.48   4.43    -1.13  
5.33    -10.38  -8.40   -10.00  -4.17   -11.63  0.63    7.82    23.52   13.31  
-0.67   5.36    -4.87   1.87    10.48   -0.53   -0.80   -11.03  9.59    -4.75  
-0.07   4.98    -1.51   -0.14   -5.77   -0.73   -2.51   -9.50   -0.99   1.46   
-1.48   -0.80   -2.72   1.34    4.25    -8.39   -2.72   -6.97   -9.42   -1.63  
12.97   -6.99   -0.13   4.32    -2.59   -0.53   -9.69   -20.95  10.14   4.34   
11.57   3.01    -18.58  -16.91  -13.08  -17.94  0.48    9.28    17.29   5.92   
2.98    -15.65  -1.60   4.20    -0.10   6.56    -6.34   5.27    -4.41   3.58   
10.84   25.08   -18.57  14.13   7.60    7.83    6.63    9.51    -3.30   9.44   
-0.44   -7.35   -1.55   3.48    4.25    -0.57   -2.43   -0.72   -5.74   1.19   
14.28   -2.26   3.41    -1.71   8.74    -15.44  -6.66   6.92    -10.10  0.84   
12.82   -0.88   3.47    -10.05  -6.67   -0.11   -5.30   10.10   -3.88   -7.45  
2.95    -4.22   9.51    5.75    -0.87   -14.13  8.15    1.49    14.97   5.22   
22.02   -12.69  -0.80   1.13    -4.58   -7.31   18.71   -7.66   -8.48   7.72   
-12.88  -8.17   -3.25   9.59    -17.91  0.62    -17.22  -10.99  11.20   -4.14  
3.45    -17.92  2.75    -10.26  9.69    -0.79   -0.90   2.56    -2.15   3.32   
10.68   10.33   -7.49   2.16    5.99    10.87   -4.66   -18.44  -9.45   2.39   
13.58   -18.25  -3.03   -13.26  4.05    1.71    -11.20  -8.43   -4.17   -5.80  
10.74   -4.53   2.94    -8.37   -11.72  -14.55  7.09    3.77    5.53    2.04   
16.11   -8.67   -12.73  -0.32   8.78    -13.87  -10.47  1.22    11.14   1.44   
-4.21   2.35    -4.75   1.65    2.76    -12.94  -4.80   -7.59   3.18    -10.95 
23.31   -6.21   -0.24   9.30    -2.15   -12.86  0.96    8.53    5.89    5.74   
2.68    -7.55   8.53    -9.10   7.95    -5.17   5.54    12.91   -5.88   0.82   
11.84   2.61    4.90    3.55    1.64    -6.97   6.19    4.43    -3.46   -0.28  
12.58   4.73    -11.94  7.91    -7.20   -1.00   5.80    -13.18  -11.64  -3.20  
2.04    -0.23   0.61    0.71    -12.49  0.95    -7.61   -16.39  -2.56   2.48   
2.27    -17.92  -13.06  12.29   2.28    -2.79   -21.67  -1.18   -0.71   -18.28 
-1.16   -5.76   -8.23   -0.48   -2.61   2.64    -0.65   -4.08   15.33   0.83   
-5.68   9.32    2.16    0.99    -2.26   -2.24   -9.90   -7.09   7.77    1.56   
4.36    2.70    -19.13  5.50    9.83    -1.98   3.86    -7.09   6.77    3.04   
1.78    13.62   -3.64   4.96    -0.04   1.18    -0.10   -15.13  -2.47   -9.23  
-2.81   -7.34   -0.00   0.99    1.85    -1.71   -8.32   -4.17   -5.26   2.62   
-2.18   5.10    -2.02   5.69    -13.21  -8.92   2.20    -12.00  17.54   2.48   
2.89    -1.62   -1.53   5.20    -2.02   -7.20   8.30    -6.76   0.68    2.63   
-4.45   5.13    -7.44   16.83   0.58    -6.46   -1.73   -14.73  -0.81   -7.58  
3.83    2.99    -2.08   5.54    3.90    0.00    1.52    -8.36   -7.32   -0.66  
18.17   6.68    3.28    12.82   9.24    -4.11   14.65   1.40    9.76    -5.32  
-2.36   -2.53   -12.51  3.46    2.09    -12.05  -9.86   -8.71   8.42    -12.26 
20.99   1.57    5.57    -14.94  -25.28  -15.41  -7.13   1.74    10.85   0.60   
5.69    -19.69  6.45    -0.79   5.67    -12.95  -0.86   12.90   -4.98   -8.66  
10.11   -4.83   -4.91   -5.34   -17.34  -6.35   -8.51   10.80   -5.09   3.40   
24.67   -16.90  8.28    14.40   -2.32   -10.99  4.83    16.94   0.38    -7.06  
4.52    7.61    1.94    -0.90   9.41    6.89    2.38    -2.22   -10.73  10.74  
2.13    -6.59   -0.37   -5.62   4.57    -27.18  7.97    0.35    9.75    -1.75  
-0.40   -20.92  -5.19   -3.10   17.45   8.73    -8.27   14.54   8.02    10.07  
-1.36   -0.97   -0.38   10.78   5.11    1.13    5.01    -3.57   -5.85   5.74   
-14.33  7.33    -7.45   5.82    1.36    -2.66   -2.88   -1.77   2.07    -9.49  
-19.06  -2.24   -20.39  8.47    -8.14   7.34    -10.19  -14.34  6.25    15.58  
11.61   6.58    2.23    1.46    10.99   9.89    1.69    -5.40   2.64    1.97   
14.56   9.51    -2.51   8.78    -2.41   -11.01  1.03    -25.62  10.31   6.16   
6.99    -22.81  -8.15   -3.12   -13.54  -13.70  1.95    9.88    -5.19   -2.94  
-1.49   0.52    -4.39   3.24    5.65    1.35    0.32    0.38    -1.90   3.02   
26.31   -17.74  0.40    16.24   -3.60   -3.97   -6.04   9.65    11.07   -6.49  
5.95    -13.81  -2.78   9.54    -2.08   -10.93  0.73    -23.86  16.92   4.22   
5.21    -10.29  -11.57  -0.10   0.02    -22.10  -16.64  13.34   0.88    7.23   
16.00   -2.17   -17.42  -0.95   2.56    -9.42   7.20    -2.35   -5.94   0.05   
6.61    0.48    6.28    15.04   12.43   -0.36   2.06    6.49    -8.85   0.18   
-3.14   0.71    6.58    6.03    3.37    -4.94   1.50    16.20   9.01    -8.76  
4.04    -22.77  -6.56   -8.31   7.04    -3.26   7.65    4.48    1.92    19.98  
8.00    12.99   -1.43   6.48    8.22    3.46    8.99    -7.45   8.65    4.26   
3.41    -3.07   1.04    -9.96   2.39    -11.69  -10.10  11.09   19.76   4.87   
-4.42   30.23   4.56    -0.81   -2.28   -1.99   -11.49  -10.19  10.43   -6.51  
6.79    1.87    -7.02   0.91    -0.72   -2.24   -11.03  -1.94   -1.94   14.49  
-6.95   15.81   -1.67   -8.45   -19.10  -1.40   -3.98   -5.04   6.29    -10.14 
3.67    -1.40   1.84    -16.24  6.78    -4.69   -3.79   1.68    2.01    -23.64 
3.36    -2.84   -2.13   -0.33   -0.34   2.93    5.75    -5.43   -0.56   0.71   
4.30    8.37    4.33    -13.64  -15.45  -9.46   2.78    4.32    17.74   10.06  
-15.70  -1.86   -6.99   8.47    -8.38   -7.69   -3.01   -19.07  -1.13   -12.39 
9.57    -3.20   7.75    5.76    1.36    4.56    -0.81   13.46   3.71    15.90  
18.32   -16.72  -5.04   -8.21   3.47    -12.16  -15.15  7.07    4.49    -10.74 
13.42   2.28    -10.90  0.53    -1.60   -8.63   6.76    -3.25   12.27   5.72   
-3.88   2.52    5.01    -4.07   3.19    -23.47  -15.84  3.57    15.54   -4.91  
11.08   -22.26  -10.34  -5.07   3.11    -6.26   -21.67  1.66    2.69    -0.32  
5.81    0.87    -0.60   6.26    4.24    -3.16   -2.07   1.51    -4.36   -1.75  
6.76    -24.56  7.95    -7.50   7.59    -5.80   -3.09   11.39   -15.00  18.90  
-1.16   -4.34   7.06    -9.18   -6.93   -13.68  1.76    -3.55   1.89    4.75   
14.38   10.78   -5.66   -6.04   3.05    -1.69   6.69    -8.38   10.46   1.55   
6.98    -10.00  -2.46   2.41    -3.32   -11.17  4.49    -7.10   1.85    -0.39  
2.32    -7.19   -8.89   -0.85   5.54    10.84   -16.01  -10.35  10.14   -1.00  
-5.42   4.91    4.71    1.55    -1.21   -8.69   -2.10   -2.25   15.49   -4.47  
6.57    9.86    5.65    17.09   -2.01   -19.15  -1.11   2.09    8.13    3.72   
-6.76   -13.54  1.90    -10.50  -2.58   -11.94  -2.06   -4.43   5.09    -10.74 
29.48   -16.42  -12.63  -9.32   3.41    -2.73   -5.84   -5.50   -2.66   6.31   
12.04   7.27    13.62   -10.56  -0.35   -16.29  -10.82  -1.47   5.32    -1.21  
-1.83   11.12   -19.71  -1.50   23.55   7.38    -4.46   -3.51   3.89    2.64   
-6.74   -5.13   4.68    5.45    4.61    -3.58   -6.19   -19.93  -5.06   0.99   
6.09    -7.66   4.44    1.04    1.20    -5.14   5.65    -9.53   25.26   -11.70 
2.51    -11.78  6.88    -16.00  2.33    -1.36   -1.57   6.30    1.80    -4.86  
8.57    -25.20  2.28    -4.75   -15.51  -4.53   -11.55  -8.14   0.71    9.05   
-6.58   3.61    5.39    11.47   -3.33   3.53    -2.29   -26.44  -13.75  -7.25  
5.02    -0.06   -2.97   0.65    5.67    -1.83   0.51    -6.30   -5.30   3.72   
5.07    -9.87   3.26    -10.45  -18.06  -2.40   -5.44   9.87    -2.82   -16.44 
-0.71   3.97    3.80    2.89    5.39    -3.03   -1.45   0.21    -2.16   1.14   
3.67    19.41   5.21    -0.96   -10.71  -15.49  1.19    -1.56   4.75    4.61   
19.09   -1.44   -2.99   9.28    -0.60   -3.05   -7.78   -3.17   1.80    -11.13 
26.06   -6.57   -17.84  -10.18  10.78   -9.77   -15.09  -7.97   15.10   -3.08  
13.01   14.77   -6.97   -11.30  12.80   -0.98   -13.68  3.59    -4.34   20.73  
-14.60  1.56    23.14   10.52   3.88    -3.95   -2.55   -1.24   2.87    4.72   
2.40    7.18    -2.13   6.64    -5.78   -0.06   -4.29   -23.81  12.78   -1.46  
5.22    -8.39   -4.11   -8.45   5.78    -12.68  6.42    6.96    -4.04   -9.62  
-13.68  1.85    2.17    -4.88   -18.19  2.01    -9.30   -10.27  9.03    3.56   
1.76    0.21    -3.85   0.83    5.59    1.72    2.69    -3.30   -3.96   -0.29  
7.93    -1.86   -1.58   5.91    5.95    -3.01   -4.06   -0.65   -6.29   2.01   
3.02    -7.75   -14.21  -4.84   -13.81  -19.81  -8.18   -14.59  15.85   8.21   
10.65   -10.41  7.55    -19.37  -0.13   -2.88   -3.80   11.54   0.83    -1.64  
-4.85   -2.93   -5.00   8.40    -9.77   -14.62  -8.61   8.80    11.77   5.30   
1.78    3.17    18.51   -6.64   -3.26   -7.60   9.80    3.49    12.65   -13.19 
-0.23   -10.92  2.67    4.08    -5.24   1.11    -10.41  -5.44   1.03    -1.15  
-1.00   -1.81   0.81    -2.79   1.03    4.43    5.79    -5.74   -0.82   -0.87  
2.00    -13.81  11.19   -7.17   -5.85   -11.98  -16.34  10.53   -4.38   -8.44  
7.00    7.45    -5.43   11.92   6.08    -9.08   16.92   -18.03  0.67    -2.83  
3.05    -1.15   -3.51   4.92    -1.79   -0.69   5.06    -4.53   -6.00   -2.47  
4.64    -12.96  -3.88   -1.91   -4.14   -14.44  13.14   -4.82   16.42   13.26  
4.62    -15.36  0.86    -1.04   -12.39  -13.40  -12.10  -9.42   1.55    11.59  
10.31   -15.31  -1.00   -8.75   -3.47   3.87    0.98    24.99   -1.87   3.50   
12.79   -3.43   4.40    -11.06  18.98   -3.31   -17.03  12.06   5.09    -6.66  
-1.67   -5.46   0.79    -3.39   -12.35  -1.51   -6.24   0.18    -3.23   12.61  
8.77    3.21    -2.20   10.65   10.22   3.51    6.78    -12.87  -5.21   6.47   
3.94    -13.16  4.77    -7.02   -9.94   -13.32  -11.19  22.32   -4.83   -9.98  
9.00    0.59    -0.28   0.20    -5.89   -10.74  7.93    -5.18   -0.04   1.09   
1.61    -14.82  1.80    1.57    -4.77   0.56    -8.52   -6.19   -1.94   6.58   
8.61    6.63    -1.24   20.65   4.74    5.14    -0.81   -5.72   10.45   3.14   
-4.32   -17.07  -3.80   -12.70  -9.31   2.93    -16.43  3.30    0.60    5.25   
9.12    2.26    0.87    -11.61  -1.45   2.65    0.82    -2.88   7.93    2.21   
17.18   3.08    -3.55   -17.68  -6.36   -10.55  -5.96   9.87    8.08    17.13  
16.34   -10.73  2.41    -1.07   -2.52   -3.03   -20.01  6.37    -8.55   -6.78  
11.17   5.99    -8.60   0.82    14.73   4.05    3.68    -16.78  -8.36   -1.25  
-6.69   -1.40   -5.19   9.56    -4.62   0.97    -1.43   0.26    -15.42  9.74   
13.02   7.86    -1.34   -0.72   -0.27   0.98    -6.93   -4.44   14.07   -17.29 
8.13    17.49   -8.04   4.04    -15.01  -7.32   -6.36   -13.22  24.47   -6.23  
22.07   -6.05   8.95    3.51    1.57    -11.98  -2.82   8.13    -10.30  -7.70  
-2.71   2.32    -7.33   7.70    -3.79   3.45    2.31    1.90    -14.10  -5.54  
3.65    3.83    8.30    -4.40   2.60    2.52    -6.25   -12.24  -4.82   5.96   
4.49    0.82    2.06    12.29   -2.89   -9.69   -8.74   -5.28   2.48    1.31   
-15.91  4.58    -5.48   1.94    -1.25   -6.07   -26.86  -8.25   -4.82   -6.47  
5.42    -0.20   -12.50  -18.22  -11.54  -4.41   6.42    0.92    19.32   2.92   
0.47    -0.11   2.19    2.27    -18.82  -11.06  -7.82   -8.43   7.51    5.06   
11.10   -6.23   -18.01  8.71    11.49   -12.91  -20.00  1.10    -4.83   12.00  
-0.46   1.19    -2.03   4.55    9.53    4.45    2.88    -5.93   -0.43   -1.37  
4.51    0.83    -1.69   14.68   -3.23   -5.91   2.90    0.89    -3.67   1.03   
4.61    -18.52  0.53    1.78    -3.62   -29.39  9.74    1.64    -11.61  2.35   
1.25    6.50    -1.08   -6.77   -6.90   -9.63   -1.92   -1.41   7.06    -1.18  
1.54    -5.97   -0.04   6.91    -2.50   -5.77   -2.34   -5.35   -7.25   -1.04  
8.87    7.26    2.13    -11.58  -7.78   -12.99  -9.56   10.15   5.40    0.52   
-0.75   12.12   -13.57  0.68    0.34    -8.92   5.40    -14.65  5.52    -2.89  
-4.46   4.22    -12.18  11.69   -2.16   -3.57   0.41    -7.75   3.95    -2.28  
15.23   0.22    -7.83   11.18   -0.22   -10.92  -2.57   -3.48   -4.98   17.51  
1.92    -5.50   -2.67   -8.58   -10.73  -4.66   19.78   7.18    6.66    4.68   
-0.15   0.28    -1.53   1.00    1.35    -4.60   2.26    0.64    -1.32   -1.89  
12.89   7.22    3.36    0.45    1.89    -4.71   -1.61   8.52    4.67    6.71   
17.60   4.13    -4.95   4.87    -2.72   12.20   -3.55   0.87    -5.39   2.45   
17.68   11.49   10.78   4.36    10.03   -0.05   14.09   -6.10   8.45    17.31  
0.80    -1.80   0.49    0.28    4.57    -0.69   3.15    -2.45   -4.39   3.12   
12.27   -1.49   -4.57   -6.76   -10.60  -9.27   -1.25   1.43    9.63    -9.68  
3.50    14.29   5.18    29.55   -1.49   5.41    3.44    -12.28  6.97    -1.88  
9.92    2.16    6.46    -14.80  -6.48   -15.91  -3.25   -9.97   8.31    8.62   
-1.48   -0.55   -5.06   5.96    9.00    -3.89   0.45    0.57    -5.12   5.82   
9.76    -20.64  5.16    1.62    3.56    -7.26   5.59    -4.61   -4.62   -10.22 
9.25    -3.28   8.68    -13.15  -0.59   -3.69   -13.26  7.39    -2.15   2.63   
12.29   4.16    -2.52   -4.71   -5.05   -10.29  12.01   6.55    -4.00   -0.48  
2.66    -14.70  -10.73  6.74    4.82    -15.61  4.41    8.65    -4.02   16.29  
14.58   14.10   3.63    18.24   11.72   1.53    3.37    -11.31  -2.08   15.79  
6.86    16.85   0.29    14.44   0.94    -2.40   7.22    -1.85   7.11    13.67  
1.27    -8.75   0.76    19.19   1.39    2.94    0.15    2.53    -0.26   5.66   
12.17   7.84    -2.32   -5.75   6.43    -12.21  17.47   -0.08   -4.98   2.66   
14.95   -7.50   -1.14   -2.60   -13.69  3.72    -13.08  1.41    18.32   14.91  
15.46   -26.75  1.85    -0.01   8.02    0.18    -16.72  13.23   -1.71   -0.11  
11.67   -6.11   -7.59   -5.73   -1.28   -17.16  -3.81   0.34    27.53   9.83   
13.29   -18.11  5.15    -6.11   -0.92   -9.71   5.83    -11.27  -9.57   -0.29  
-6.76   6.20    8.15    10.94   -12.79  -3.52   -28.45  -6.03   10.57   -15.78 
12.72   -2.44   -6.04   -14.07  -1.02   -3.86   0.17    3.20    11.18   4.24   
-6.96   1.36    -1.60   6.41    -3.48   -16.80  -11.86  -15.14  14.26   -16.94 
0.11    14.57   -11.91  7.16    10.55   0.56    7.67    3.73    9.25    8.58   
1.56    -14.01  -14.11  -4.18   9.64    -1.10   -2.88   -1.55   0.39    2.44   
1.61    1.05    0.75    8.34    4.91    3.49    -6.05   -14.09  -13.88  -8.42  
20.83   1.75    8.66    -0.57   2.71    -1.58   2.80    -4.97   21.04   13.92  
9.52    15.57   -3.87   -29.51  9.72    -9.76   -6.82   -17.16  -11.62  4.81   
8.55    -15.95  -1.67   -2.51   -0.21   -9.97   -3.02   4.71    7.62    3.03   
0.34    -5.46   0.63    -5.40   -11.59  2.43    -4.49   2.87    22.55   -7.78  
-7.51   -0.45   0.30    3.38    -19.73  -11.44  10.82   -8.61   13.18   -9.56  
17.51   -18.47  -6.11   -10.17  14.00   -7.83   -4.79   0.73    -3.58   4.91   
20.58   3.82    -6.46   5.32    3.86    -5.74   6.55    -8.06   0.64    6.85   
11.26   -2.00   7.25    3.53    3.66    -10.91  -3.38   4.09    -2.47   0.95   
-8.23   -10.39  0.42    2.67    8.38    -5.55   -10.17  11.09   0.18    13.16  
7.52    9.50    -2.21   2.86    16.42   -3.92   11.77   -13.77  0.85    8.60   
16.61   -19.57  -2.86   -12.84  2.01    -11.71  -8.12   -2.09   11.12   4.02   
1.90    -9.25   1.52    -2.12   -8.31   -7.85   -5.45   18.02   1.24    25.91  
-4.03   0.75    -2.59   -4.96   3.81    -6.21   7.59    3.71    22.29   -10.57 
0.90    2.35    -3.98   -0.42   4.96    -5.55   -3.67   -1.47   -2.94   4.13   
-8.07   -2.13   -1.74   13.97   -0.39   -4.55   -11.09  -12.89  -2.33   -12.49 
11.61   2.37    -0.27   4.27    3.31    -10.73  10.51   -4.23   4.97    6.83   
7.04    9.18    -2.25   -0.54   7.21    -4.41   1.71    -7.18   7.58    -3.32  
12.44   0.32    -10.07  -10.70  -2.11   -1.93   -7.14   -3.95   11.50   18.66  
4.43    19.68   -11.10  5.38    -0.99   6.70    -0.43   2.27    -4.72   6.32   
17.59   -3.26   13.06   11.79   -2.44   -9.50   11.39   -2.03   8.72    11.22  
9.25    22.15   -1.22   17.63   10.16   1.03    2.92    13.74   0.12    5.70   
20.47   -14.19  -2.46   -7.60   0.86    -1.59   -8.56   0.48    8.59    -9.44  
-3.42   5.27    3.39    -10.60  -9.09   -14.57  -2.91   4.18    -4.89   12.65  
7.03    -15.43  -8.68   1.17    2.82    -12.81  -3.81   12.11   -19.02  1.46   
10.88   15.40   0.06    2.08    4.05    0.75    2.03    -3.18   10.71   4.81   
12.19   -13.57  9.38    5.69    -4.74   -13.30  1.14    15.96   -10.29  -6.20  
15.68   14.95   -6.18   -1.16   2.84    -7.24   -10.35  8.91    -20.55  4.46   
16.52   -8.09   7.57    -18.89  -17.89  -16.59  -12.34  -16.32  15.33   7.49   
-4.12   5.76    -9.29   8.17    1.85    -2.21   -13.49  -33.41  -7.78   -10.16 
-2.36   -20.71  6.50    7.40    -0.57   -6.88   -10.72  -11.29  14.71   9.19   
8.77    -1.21   -3.51   -10.01  3.85    -5.03   -6.43   3.94    7.49    7.67   
12.31   3.32    4.63    4.59    5.69    -14.95  7.20    4.71    10.50   6.69   
7.00    -3.51   -1.48   1.71    4.80    1.65    1.00    -1.96   -2.23   2.04   
1.39    -13.31  -10.65  -6.91   -2.42   8.07    -8.55   -4.53   4.88    -14.41 
-7.98   -1.40   -10.87  5.47    -18.45  3.87    -1.10   -7.73   -3.63   -12.24 
19.03   -10.73  1.51    -7.94   -8.20   0.10    -10.74  -10.29  -9.54   0.24   
16.66   9.57    0.56    4.49    6.03    6.68    9.56    -0.29   -5.47   8.17   
17.67   0.63    -9.42   5.53    23.88   -2.21   -17.37  1.60    -8.29   -3.17  
-4.40   -13.83  10.60   4.70    -6.86   -12.76  3.41    2.79    14.51   5.01   
11.72   -9.39   0.21    4.64    -2.43   -21.37  -2.17   4.43    -3.30   14.13  
13.96   -15.27  -3.23   -9.72   -0.29   -27.33  -1.07   2.03    7.76    7.09   
-23.24  -1.35   -1.67   -1.25   -15.83  8.38    -9.32   -2.70   6.57    -1.42  
2.48    -1.67   -5.37   3.38    1.79    -2.21   3.66    1.19    -0.97   -4.17  
-8.24   5.71    2.79    1.80    -5.03   -7.98   -14.23  -1.51   -0.28   6.39   
-19.95  7.10    -16.81  5.11    -3.16   -10.29  -1.04   -5.63   8.59    3.21   
7.94    14.58   -3.95   8.38    -2.91   5.53    7.77    -7.05   -5.04   4.25   
4.45    -17.47  16.08   -7.99   -1.94   -19.21  -12.31  -7.68   1.83    7.03   
-6.28   -4.62   -3.75   2.44    0.89    -0.92   3.52    -10.63  1.74    10.31  
2.92    2.44    -4.82   -1.59   4.97    -3.11   3.96    -4.31   -3.73   -0.82  
-14.83  -14.45  1.51    -17.85  -4.65   -7.61   10.31   6.48    -0.96   4.34   
33.97   -4.51   1.76    -2.31   -2.65   -4.71   -7.51   -1.20   9.28    2.01   
3.43    -14.06  11.82   -14.08  0.08    -8.53   -6.48   15.46   4.98    7.00   
14.35   -16.30  -2.18   -6.78   2.71    -1.46   -7.61   5.44    -4.62   -1.37  
-0.01   -5.89   -0.16   4.08    -8.48   -8.20   -2.75   -2.90   1.19    -1.49  
6.40    5.64    8.33    6.10    7.04    9.70    -6.46   0.17    0.77    -3.86  
10.52   2.04    -7.58   13.26   18.08   -0.15   4.20    -9.73   2.68    12.61  
11.54   -4.44   0.13    -7.31   6.54    -6.86   4.90    6.75    1.25    17.42  
0.85    -1.04   1.98    -2.79   4.12    1.25    -2.47   0.13    -6.89   1.60   
1.48    -3.67   -2.38   2.19    -11.85  -3.19   -3.69   -8.04   14.78   -3.70  
-0.69   6.30    17.72   5.49    12.04   -20.02  1.13    -9.26   2.43    1.75   
16.01   4.84    4.24    -0.52   -12.74  -22.05  -3.69   1.76    19.98   4.00   
18.22   -2.52   -2.68   -4.68   2.42    -21.79  -11.22  -3.17   -1.84   -5.42  
3.69    9.10    -6.67   3.38    13.99   5.77    -11.31  -3.36   9.34    6.07   
12.17   -0.48   1.40    -0.15   14.89   7.16    -8.05   -5.19   -8.74   -0.16  
-5.18   1.43    7.42    -14.42  -9.43   -7.05   -2.66   -6.18   14.69   6.86   
18.28   -21.05  6.49    -3.53   -0.58   13.00   1.36    10.28   3.77    5.86   
-0.40   3.44    1.85    -7.51   -10.41  -10.82  -8.49   4.89    14.45   16.75  
-0.15   -16.14  -4.93   -8.88   5.82    -10.11  12.37   0.21    -3.97   -9.04  
6.87    -14.69  -3.80   -0.09   3.47    -2.98   7.97    16.36   1.61    10.96  
10.05   -10.21  -12.13  -7.86   -5.46   -5.95   -2.15   7.11    -6.06   4.91   
11.99   4.67    10.83   3.43    4.10    -5.26   -0.97   -6.59   16.11   -0.70  
5.77    -15.06  5.22    0.52    6.87    6.03    -16.20  8.63    2.12    0.03   
12.39   -2.63   -6.60   -10.36  -21.25  -2.86   -11.25  17.62   -2.48   -13.51 
11.04   -21.38  -1.84   -0.57   -4.48   0.16    -4.34   2.06    -5.59   3.23   
12.28   -12.78  -10.35  20.83   5.59    -17.40  -4.90   0.65    4.34    10.67  
2.58    8.41    -11.41  11.75   -1.92   -5.97   -17.98  6.00    -2.72   8.90   
1.99    8.99    0.98    5.43    3.13    -3.77   8.45    -5.81   -2.12   1.35   
-1.93   -10.11  -4.38   2.93    1.14    -6.44   10.49   19.01   3.53    -7.65  
8.19    -7.71   3.08    -9.65   -10.79  2.13    -8.30   -1.27   6.61    -0.83  
-0.85   1.27    -2.70   2.30    -16.90  1.01    0.86    -1.72   6.63    -8.96  
1.58    -6.64   -2.98   -7.69   3.53    -9.20   2.20    -5.56   8.26    -5.90  
-3.64   -25.72  -5.02   -11.63  3.36    -1.32   -9.11   10.22   14.13   -6.46  
19.60   -19.42  -4.01   -3.93   5.73    -9.56   1.40    3.80    -1.46   8.65   
11.90   -2.98   4.47    -11.40  -10.63  -2.82   -4.89   -4.58   12.29   13.44  
18.04   -5.92   -16.45  -2.27   4.84    -1.94   -8.15   12.05   0.92    -0.78  
4.69    -6.86   3.65    2.65    2.16    -4.83   -4.72   16.72   10.83   10.80  
2.22    -1.16   5.20    -13.41  5.00    -7.92   -11.81  -4.04   -0.41   7.90   
-16.50  -11.18  -7.74   -0.55   -3.38   -12.87  -11.49  -9.33   7.74    -8.80  
18.77   -11.04  -3.13   3.71    -15.25  -8.05   -14.43  2.93    5.17    -12.48 
2.38    6.36    0.86    -4.61   -13.46  -4.82   -0.83   1.49    7.64    0.02   
1.20    -19.59  9.06    7.14    14.10   -10.32  -4.82   2.48    10.32   -0.37  
7.07    -15.87  0.81    16.69   -10.60  -0.53   -5.80   10.71   -5.50   -6.58  
15.94   -1.91   12.47   -2.63   12.60   -10.98  -26.58  8.68    19.80   4.94   
-2.29   -2.73   0.07    10.35   9.35    9.49    10.34   -7.31   0.99    2.41   
-12.83  -6.86   4.73    -0.50   -4.11   -10.84  -4.54   1.48    2.79    -0.19  
10.96   -13.38  1.64    -11.65  2.04    -9.65   8.27    12.82   7.18    -0.06  
5.59    -1.05   -15.51  -10.17  6.20    -24.37  -11.29  9.55    13.57   9.47   
21.76   3.71    -1.34   9.57    8.44    7.75    -0.37   -7.71   1.47    10.77  
-1.74   -0.38   -0.62   -0.53   5.45    -4.16   -2.45   -2.11   -7.94   5.14   
-9.35   7.50    -2.84   9.86    2.25    -2.23   6.76    -8.55   12.10   2.67   
11.75   -0.40   -4.43   -2.22   7.65    -0.01   -4.85   -2.80   -0.31   6.41   
-4.85   0.40    -10.20  -7.34   -1.73   -3.76   5.84    5.91    -1.50   -9.17  
7.79    -20.59  11.61   -10.00  -2.34   0.20    -7.95   14.82   -5.11   1.84   
-0.71   0.32    0.38    8.66    -6.33   -12.11  -8.78   -10.47  12.91   5.62   
16.50   -31.19  -0.95   -2.73   -7.49   -7.57   -5.06   3.35    -12.34  17.93  
25.19   -3.45   11.55   -11.43  -5.43   -7.53   -14.23  2.99    1.06    -5.69  
2.05    -7.83   2.05    8.83    -1.69   -7.49   -16.62  -6.10   5.35    -11.70 
-2.82   15.13   -8.06   12.53   6.99    2.40    6.51    2.45    8.85    5.97   
4.44    11.67   -11.61  2.05    0.43    1.17    -9.80   -10.00  1.69    9.06   
6.84    -11.36  10.59   -5.41   -1.54   -7.70   -2.03   4.31    14.93   -3.81  
16.28   -6.68   -8.10   -23.08  -7.71   -13.76  12.45   15.30   15.93   24.86  
9.63    11.00   -1.48   6.95    -17.74  4.86    10.11   -14.40  -8.65   7.04   
12.64   -5.88   -4.82   -9.81   -0.92   -5.48   2.30    -15.20  10.22   -1.82  
14.26   -10.51  4.78    -3.65   -8.59   -4.29   8.69    -4.93   -8.35   -4.50  
10.23   -3.76   -0.93   -14.09  -4.70   -15.89  7.28    4.58    5.13    2.66   
13.83   -3.07   -8.08   -12.05  -12.18  -22.11  4.33    7.60    12.02   0.51   
0.70    -3.51   -5.04   -8.49   12.09   -22.85  -3.65   1.05    8.07    13.38  
-11.93  14.28   -6.99   4.01    -6.74   6.58    5.43    13.53   -8.00   -1.20  
-0.93   -25.15  -3.86   -6.17   -0.05   -15.94  9.27    16.77   6.69    -2.73  
-3.85   1.93    -8.93   -5.22   -2.81   -13.27  -18.73  -13.08  8.78    6.55   
17.25   3.74    1.06    -3.54   4.66    -3.78   -12.14  15.71   7.51    -5.96  
-0.41   2.01    8.22    -11.07  2.86    -0.73   -12.76  5.96    14.79   3.68   
-3.26   1.05    -9.91   18.72   3.09    -19.48  -7.24   3.71    18.57   -2.14  
-0.17   -0.63   -3.93   2.23    -1.85   -4.52   1.52    -5.96   0.11    3.72   
17.89   -13.97  -6.06   -12.31  -11.07  -15.48  0.90    -0.70   -4.02   -9.66  
17.66   -12.43  -5.03   -7.32   -7.54   -14.21  -22.02  3.53    -0.14   -10.48 
2.05    -7.15   2.57    -13.74  -4.01   -6.91   8.46    -0.76   2.23    1.39   
6.78    -3.68   -0.04   1.45    -17.00  9.49    -15.64  8.16    -2.36   3.61   
11.14   -17.47  1.91    -3.34   -7.17   -19.14  5.53    -0.30   3.81    13.02  
1.27    -4.17   -0.77   -2.80   7.21    1.19    7.98    9.69    3.04    -3.99  
5.00    -7.93   -17.02  7.88    -11.07  -4.94   -13.62  -1.39   3.79    -4.43  
-2.88   9.25    -13.14  12.99   3.85    -1.79   6.44    -4.40   -3.59   -4.44  
9.94    -2.00   -5.70   -11.79  -10.29  -4.36   -8.04   14.80   -6.93   0.08   
9.36    3.61    -9.59   -3.48   6.55    -22.54  -0.14   23.77   5.84    1.10   
13.92   -9.59   7.25    -23.92  -6.39   -12.44  -5.57   12.03   3.21    2.67   
11.75   -7.43   -5.11   -13.52  -4.60   6.72    -5.19   3.34    -1.04   -10.67 
9.23    -2.10   -2.12   -10.82  -6.30   -4.31   8.98    11.10   17.19   5.94   
3.71    -11.79  -0.37   -1.58   9.60    -5.85   4.88    8.98    5.49    -3.52  
2.60    -12.17  4.66    -8.32   -1.52   -5.43   9.79    0.63    6.22    1.79   
-0.30   -19.26  -8.32   2.17    -15.02  -21.23  2.75    3.78    5.28    4.32   
9.65    5.58    -3.11   0.89    4.75    -1.93   0.84    -2.51   15.79   -2.03  
-1.75   9.46    -10.57  9.56    -3.21   -7.08   -10.35  -14.87  2.50    3.79   
8.24    5.05    -5.28   -9.92   -21.52  -16.27  -0.95   -18.27  -7.67   9.59   
4.07    -6.61   -0.73   -4.05   6.53    -0.08   -0.61   -2.78   -7.55   -1.99  
13.63   -9.14   3.57    -20.55  -10.81  -19.16  -7.54   0.52    8.21    6.34   
-1.19   2.81    -2.07   -1.73   -1.03   -2.08   -0.93   -3.38   -3.80   -6.40  
16.09   4.24    -11.66  1.10    -6.86   -2.09   3.04    5.72    -4.40   13.78  
10.70   5.63    9.00    -3.70   -5.61   -3.08   3.09    -12.25  14.05   5.91   
-9.92   -27.81  -12.73  3.42    -2.73   -15.22  -2.28   6.59    -1.43   10.03  
20.98   -22.19  -2.47   -4.52   6.32    -2.97   1.41    13.52   17.08   -7.24  
6.14    -2.26   -7.83   -2.13   0.52    -6.96   0.06    14.67   8.52    -3.98  
-9.21   -5.44   -0.47   2.23    -5.46   -2.15   -14.69  9.36    18.22   -17.81 
2.23    3.75    -2.49   8.69    -0.45   -3.48   1.58    -4.07   -2.20   -0.80  
10.37   -7.44   10.64   -13.35  -6.03   -6.94   -2.79   -5.39   -11.90  14.66  
-1.12   -1.78   -0.50   -7.65   9.14    1.81    -8.95   -8.65   6.34    3.25   
-16.05  -5.16   1.00    -2.58   -8.58   -2.10   -10.82  -10.67  15.36   -0.59  
11.64   -0.49   -9.25   -10.98  -0.02   0.50    -17.79  4.49    10.04   -10.82 
-12.32  6.33    11.93   -15.73  -21.35  -17.40  -8.51   -9.71   18.92   7.71   
2.53    11.92   4.16    10.64   -6.37   2.74    -0.87   4.08    14.65   -0.73  
3.78    3.46    4.47    2.62    -0.57   -0.30   4.36    -9.28   16.60   -1.14  
10.93   -25.21  -3.54   -4.89   12.48   1.03    -14.77  15.89   1.71    5.97   
6.62    -4.46   1.31    -0.49   5.41    -6.22   0.40    -3.32   -1.48   1.95   
0.12    1.18    -3.54   -1.43   5.53    -4.01   -1.87   -1.45   -4.30   3.17   
4.32    -2.38   1.49    12.02   -4.32   -0.75   -3.01   9.50    -15.15  13.36  
-9.43   -6.65   14.25   1.12    -9.73   -5.14   -14.74  0.79    -9.49   16.21  
5.96    15.91   1.44    -0.64   1.13    3.33    6.03    -9.12   -1.13   17.76  
-2.77   -1.14   -1.95   1.98    2.85    0.26    0.87    0.64    -7.83   -3.55  
21.25   -3.35   -10.61  -13.31  -0.15   -21.06  -6.24   -3.01   -3.48   5.84   
4.25    3.08    -12.24  0.32    -9.61   -12.29  -3.12   3.53    -8.69   0.86   
-9.36   1.02    9.18    2.75    2.33    4.43    0.16    -5.46   10.60   6.28   
11.83   5.76    -4.83   7.28    -1.57   -5.24   0.96    2.62    5.87    11.74  
10.14   -4.98   -3.36   -16.02  -14.96  -4.95   -5.10   5.39    -2.86   1.65   
-0.96   6.47    -8.29   8.24    -0.87   -10.05  0.68    -5.02   -3.61   1.83   
2.22    7.00    -17.44  0.20    3.85    2.36    -6.97   -6.85   -7.72   1.74   
16.77   -8.45   1.77    -10.03  -0.14   -0.77   -1.83   10.76   9.03    5.56   
9.29    -7.06   3.47    -15.19  -0.63   -28.47  -4.30   -9.89   -1.55   1.93   
11.88   7.46    2.75    6.51    11.88   10.19   7.90    -10.87  -2.64   17.03  
10.66   1.54    7.19    9.27    3.49    -4.35   -2.75   -2.86   -7.36   5.26   
10.70   -0.45   -4.86   5.77    4.74    0.29    -0.14   -2.64   -6.60   3.01   
15.83   -6.50   -5.10   -19.19  -10.64  -3.07   -3.83   -20.80  7.16    15.00  
-4.04   -9.75   2.59    0.94    11.07   3.77    4.48    -9.30   10.29   1.18   
-3.17   9.12    13.49   -12.24  -7.86   -11.69  -3.98   2.35    0.71    4.54   
1.65    -16.40  -10.01  5.84    4.24    -4.07   -5.66   14.12   -6.19   -0.10  
18.70   0.63    -8.79   -5.25   4.62    -0.33   2.46    -3.34   -3.51   0.82   
2.25    1.04    -7.69   12.25   4.34    2.26    -6.87   -23.94  9.19    -6.57  
4.13    0.13    -0.11   0.59    2.95    -3.48   0.02    -7.48   -9.34   0.45   
28.36   -20.19  -6.10   -5.03   -2.25   -3.20   -0.72   0.52    2.33    12.35  
0.30    7.59    -2.29   7.15    -5.36   6.02    -4.50   -10.22  12.53   3.70   
12.43   -4.67   6.21    -3.64   -5.13   -6.06   -7.03   6.02    -2.32   9.93   
16.97   17.77   0.98    5.66    4.17    -11.33  2.37    -13.15  2.72    5.18   
-1.46   6.25    -9.73   -3.22   -3.78   -20.81  5.89    3.74    -11.15  -10.11 
2.64    -10.55  7.71    -5.72   -5.76   -0.30   6.39    8.93    19.22   12.48  
-1.63   -0.77   2.25    5.76    -0.90   -11.55  8.98    8.61    9.77    5.25   
-5.07   12.06   -2.31   9.41    12.81   6.69    -2.22   -4.05   -1.21   7.88   
8.37    -11.02  -15.14  -17.64  -8.87   0.80    -10.27  1.45    -10.39  9.35   
2.85    6.77    20.30   1.01    4.63    -20.85  -14.36  -0.87   5.34    0.75   
10.04   -3.72   -3.08   -5.77   -14.07  -27.17  -15.13  -5.35   5.93    -3.20  
9.08    -20.81  -12.46  -0.58   -7.82   -24.77  -8.14   7.25    5.59    -2.76  
6.41    13.02   -0.72   11.24   0.12    -11.79  4.40    -13.10  19.76   11.20  
15.91   -0.76   1.85    -4.29   2.02    -18.55  15.01   -5.57   5.63    10.50  
10.18   -26.05  -14.63  -7.83   1.57    3.18    -8.52   3.28    1.99    9.99   
9.38    -4.58   20.93   -4.61   4.94    -12.72  6.38    6.24    13.38   23.31  
7.43    -6.35   1.23    -4.37   3.61    -12.31  -0.84   10.41   12.00   -2.30  
10.81   10.55   -16.18  -0.47   2.41    5.94    3.48    -1.16   2.49    6.97   
0.70    -17.63  18.44   1.69    3.29    -10.32  3.68    -3.36   5.32    -2.84  
0.74    -33.63  7.13    6.78    -7.24   -5.71   -2.24   5.22    1.84    1.28   
-2.69   -21.36  1.29    -15.82  0.89    0.08    -10.40  5.63    4.01    0.71   
1.32    10.21   3.88    -2.88   -4.92   -16.21  -2.02   1.72    21.80   7.76   
3.19    -9.37   -5.47   -12.77  13.79   -7.39   -6.84   16.44   8.47    4.57   
5.01    -6.93   6.91    -4.30   -22.27  -7.09   15.09   6.51    6.47    -11.54 
2.17    7.22    -3.57   8.42    -8.23   -9.94   -2.51   -1.53   -15.34  0.04   
6.99    0.56    2.88    6.76    1.12    -3.76   2.00    1.66    -13.73  -2.60  
3.35    14.58   -8.25   8.07    11.11   1.33    3.05    2.22    -4.47   7.76   
4.68    7.94    0.08    17.05   15.20   14.72   0.26    -2.29   -10.29  15.23  
8.69    -19.89  0.33    -12.92  -8.96   -15.52  -7.67   -9.60   -15.77  -8.55  
-2.71   -5.95   1.92    -10.52  2.93    -18.42  -14.76  6.60    -1.64   15.48  
21.51   -11.89  5.71    11.56   -3.12   -1.57   7.22    7.78    1.12    0.53   
6.15    6.13    -4.47   -2.07   11.28   9.41    2.41    -4.48   7.15    8.42   
1.71    0.61    -0.32   0.96    7.15    -4.60   1.50    -10.20  -2.47   -1.13  
17.02   -3.12   -2.74   -8.97   2.13    -10.17  -5.78   -10.33  7.50    8.56   
15.93   4.64    6.90    -8.61   -3.33   -4.74   13.45   4.23    6.46    -3.40  
23.90   -13.17  7.38    -8.35   -0.08   -14.97  -8.87   3.71    -13.91  10.11  
23.80   -8.85   12.75   -6.03   -0.74   -12.23  -7.15   -1.83   -12.82  3.43   
0.39    8.71    -5.67   -3.68   17.49   -5.16   5.20    -4.65   2.16    -0.25  
10.72   -19.91  -1.28   -2.84   -7.77   -3.53   -2.45   9.28    -9.30   2.74   
-11.89  -10.83  -0.96   -3.35   1.38    -11.06  -6.46   6.18    12.37   1.38   
-1.04   -6.60   -2.89   15.96   15.15   6.05    3.22    12.97   -0.52   6.65   
9.38    -2.69   1.00    -8.81   -4.59   -5.20   -17.54  -6.64   -0.21   1.28   
0.60    -9.14   -14.26  -9.34   -13.03  0.22    -0.67   -12.00  11.13   -10.19 
2.25    -2.42   3.47    2.89    2.48    -4.12   -8.39   -6.49   -6.87   2.91   
5.81    11.08   -2.34   -13.97  -10.24  -2.57   3.84    -9.28   12.54   -15.84 
5.27    0.67    -0.35   3.14    6.75    -0.16   0.75    -1.77   1.44    0.86   
18.25   -14.04  -1.49   -2.32   -2.90   -3.62   -8.18   3.48    0.16    3.39   
-0.02   1.08    2.16    0.33    7.09    -5.67   -3.16   -0.30   -2.48   -6.31  
-3.93   4.32    -3.99   9.60    -0.74   -1.35   2.98    -8.85   5.14    -3.72  
-7.17   -2.21   -11.98  -4.49   -7.48   -9.06   -6.70   -8.91   10.88   1.30   
8.43    11.58   -7.44   13.39   2.60    1.25    1.82    -7.08   -0.24   5.88   
8.53    -22.72  -15.22  -11.93  4.70    3.61    0.42    10.85   3.26    -1.10  
2.54    9.30    0.57    3.90    4.52    -1.24   -4.41   -2.76   19.13   -6.65  
0.14    -15.02  7.43    -1.84   9.54    -21.40  -14.84  9.08    1.23    15.52  
4.53    -26.18  -3.62   -5.00   -2.49   -10.89  -2.74   9.40    7.30    3.24   
13.08   -2.36   7.23    -3.53   -4.32   -10.13  -3.02   12.85   18.45   4.68   
-15.49  -2.32   -11.29  28.14   -8.64   -0.22   0.29    -19.52  9.07    -2.85  
10.27   16.55   -8.27   0.81    4.99    -7.75   6.76    -0.95   -2.24   23.26  
18.71   -15.53  -3.28   -14.99  3.93    -16.15  -22.12  -8.53   -8.72   9.17   
8.68    0.95    -3.55   -0.94   -7.31   -5.27   -14.10  1.13    0.98    1.07   
-3.72   15.19   -1.86   9.32    11.67   -2.04   1.47    -13.38  5.00    -1.70  
2.14    6.55    -5.62   9.31    5.91    -4.81   9.01    -15.37  6.71    8.18   
17.30   -22.17  -0.75   2.82    -7.79   -11.92  -6.90   13.70   -5.56   -2.85  
2.53    5.36    0.52    -0.75   5.46    -0.32   0.34    -7.98   -3.92   2.87   
7.70    -8.31   14.29   -5.79   -1.27   -0.45   -9.03   7.97    18.89   3.43   
21.73   -11.97  -2.75   -4.12   4.98    -12.75  -9.68   17.94   -3.55   9.82   
-1.08   -0.76   2.84    6.93    3.36    -3.85   1.58    -0.13   -1.24   2.55   
11.14   -1.52   4.28    -26.73  1.08    -13.81  -6.69   6.08    16.51   7.47   
-5.72   3.12    18.65   8.02    -7.06   0.51    -5.74   -2.31   12.08   10.62  
10.10   -4.55   2.29    -8.20   11.52   -9.72   7.37    12.01   9.36    -5.66  
10.76   -15.04  -5.82   -5.40   -8.22   -1.49   1.86    7.79    3.13    3.08   
4.30    -3.47   -2.61   -8.21   -17.95  -18.79  3.89    6.53    2.64    10.69  
-3.48   -16.44  -13.19  -0.40   -2.98   4.77    10.28   13.57   12.96   11.19  
6.10    -1.15   -2.15   -6.91   4.10    -3.81   -8.32   6.75    17.87   -3.30  
4.65    10.56   -0.42   6.39    7.28    3.15    7.88    -9.99   0.11    7.55   
2.75    -19.15  5.24    -4.53   -9.62   -7.87   -6.81   12.50   -13.30  5.80   
15.01   6.67    0.03    8.38    -8.16   -8.97   2.17    -2.56   10.83   8.15   
21.01   -25.92  7.69    -9.82   -10.86  -0.01   -1.78   12.51   -3.82   12.21  
-1.83   2.71    -1.50   -1.05   -0.74   3.59    -5.03   0.87    -1.11   2.56   
7.37    -15.13  -3.49   2.14    7.64    5.64    -3.14   7.83    -6.77   7.22   
9.08    14.80   -2.77   9.96    4.96    9.32    10.28   -1.78   3.70    1.47   
9.04    -15.35  -8.72   -6.54   -0.19   -16.40  -10.10  4.72    12.12   16.78  
9.48    -1.18   10.95   -11.35  -2.30   -6.91   7.38    7.96    2.84    -5.99  
3.34    -4.33   2.70    -3.08   5.48    -2.86   5.51    1.31    -4.46   4.58   
4.39    -10.52  -9.34   -1.40   -0.81   0.60    -2.79   -12.72  4.87    16.12  
8.52    -18.62  -6.30   -10.56  -10.71  -12.91  3.32    3.02    2.75    10.07  
3.05    -15.27  -4.62   8.56    -8.28   0.06    -10.45  -9.15   -6.66   7.07   
12.77   -6.48   -11.99  -12.88  -11.76  0.46    17.34   -3.68   -7.54   7.10   
1.31    -5.15   -5.90   -2.74   -2.78   -14.88  1.17    -7.90   7.95    3.42   
-4.93   -12.87  2.72    0.95    -3.90   1.21    -3.84   -0.07   15.88   19.92  
-4.61   6.17    -9.05   4.67    -14.38  -6.23   -8.16   3.84    16.58   1.79   
-5.22   -29.62  -13.62  3.33    -8.30   -3.99   1.39    5.93    -0.98   -1.05  
11.50   -8.59   4.69    -6.32   2.66    -5.67   -3.42   5.61    12.17   14.98  
1.20    -5.03   -1.95   0.97    3.92    -2.50   1.09    2.10    -3.76   -0.35  
6.86    -19.57  11.01   7.51    6.89    -1.38   -14.53  6.03    1.18    1.26   
16.41   11.32   2.56    5.31    3.12    9.30    6.64    -2.08   4.22    10.44  
5.44    -13.31  12.27   -1.62   -4.10   -12.82  3.00    12.73   8.21    -10.40 
-8.63   5.80    -6.97   8.02    -3.26   -22.79  3.88    9.20    15.27   -1.97  
-0.61   2.09    -6.97   1.58    5.32    -0.32   -5.99   -5.21   -2.66   0.50   
5.22    2.00    2.77    6.15    4.34    6.33    -0.35   -9.80   6.75    7.38   
-6.01   -6.45   -10.22  -7.44   -9.88   -10.46  -6.44   -1.51   8.01    15.52  
11.58   -17.90  -11.47  -13.63  -8.04   2.91    -19.98  9.11    -5.89   11.71  
4.42    13.64   -8.26   3.27    -17.97  2.01    -14.89  -8.23   9.38    -4.47  
-4.97   -3.11   -3.01   -7.50   -10.73  -9.28   -14.46  12.92   15.71   15.72  
22.98   -11.11  -8.16   -2.68   -16.17  -12.43  -13.46  2.88    -6.26   -2.96  
14.20   -2.67   -17.84  13.17   9.21    -0.92   0.25    0.22    1.36    9.28   
15.70   -4.31   12.17   -1.74   -3.88   -11.17  -7.14   22.39   9.85    0.72   
15.72   -11.92  7.68    -2.43   -1.95   -18.35  -16.71  -2.70   -5.98   8.46   
13.37   -37.04  -0.85   3.25    -5.88   -11.39  0.76    1.03    7.49    3.75   
4.57    10.42   -10.63  -23.90  -8.22   -8.02   5.73    4.10    7.99    8.88   
4.75    0.55    -0.09   5.05    -1.89   1.22    -4.12   -4.68   -5.25   -1.46  
2.50    -4.00   9.15    -7.58   -13.09  -5.40   4.96    4.99    17.16   4.57   
0.00    -10.52  7.21    10.69   -4.79   -5.61   7.08    3.46    -2.76   -1.20  
-2.07   1.73    -2.25   -1.53   -10.37  -28.49  1.03    -18.06  11.12   18.96  
-7.10   -3.18   -1.84   -0.59   5.07    -0.39   2.38    3.17    2.30    0.63   
-3.62   -7.26   -2.41   -5.84   -11.02  -12.96  -2.27   -22.28  2.20    8.80   
5.85    -0.31   -14.05  -4.56   -5.80   -9.60   -3.65   1.52    9.08    -5.63  
-0.79   -5.76   -2.49   5.17    4.28    -7.25   -1.18   -7.19   -9.44   4.28   
14.10   2.36    -15.70  3.64    -0.58   -6.23   3.48    -5.81   9.80    10.04  
-4.76   17.02   -4.92   14.95   15.84   3.86    2.84    -13.54  -7.69   2.76   
1.52    1.61    -0.12   3.62    -0.67   -2.51   -4.06   -2.06   -8.09   -0.61  
18.24   11.36   -0.87   -11.55  -3.66   -15.65  -3.12   4.47    6.99    2.06   
3.45    -4.50   -7.02   0.20    -14.00  -5.05   -1.99   -3.16   22.37   7.70   
19.64   10.94   -14.94  4.24    2.00    1.69    3.54    -7.64   -2.05   -10.59 
10.74   4.62    -8.37   2.59    5.01    -13.56  3.64    -9.51   -5.77   0.84   
-10.54  11.11   11.88   2.47    -1.74   -4.64   4.23    -27.33  4.89    -6.99  
1.76    -21.61  6.29    1.30    -1.34   -2.54   6.45    10.30   7.19    6.06   
-0.48   6.37    -9.28   -0.83   -2.42   1.68    -8.68   5.68    4.41    -2.24  
12.17   9.96    -12.37  14.91   3.79    -6.93   15.21   -20.28  2.59    -8.43  
11.78   -10.53  -13.02  10.91   14.80   -2.00   6.18    -9.28   4.16    5.63   
-5.79   7.67    4.70    5.49    30.17   1.37    4.22    0.69    0.21    -2.33  
11.07   -24.09  11.68   8.87    6.98    -3.43   5.77    8.50    13.61   -8.75  
15.04   -19.99  -2.19   -11.65  5.30    -7.26   4.20    1.68    -5.44   -0.95  
8.87    -0.70   -10.15  4.12    14.39   -5.60   -9.02   -3.91   -0.74   15.95  
11.45   -26.31  6.65    -1.83   -1.01   1.69    8.10    22.46   9.11    8.35   
2.38    -3.41   -4.27   -12.66  11.30   -12.58  27.02   -2.58   11.18   10.26  
2.29    1.25    0.60    4.49    0.35    -2.29   0.88    -4.08   -7.04   -0.96  
5.81    -1.76   1.53    16.31   10.31   -1.72   8.16    -0.04   0.75    -2.84  
3.31    3.24    -0.96   3.24    -0.29   -1.21   1.37    -6.80   -6.63   -1.09  
7.98    2.98    -3.65   14.98   -0.76   7.41    -1.01   -9.29   -1.00   10.41  
-1.95   -8.51   -13.01  -0.49   -10.04  -10.85  -4.19   8.45    -15.79  0.19   
5.31    -1.13   4.52    8.15    10.85   10.61   -4.91   -12.94  5.39    5.87   
13.64   -9.76   -12.86  3.07    1.02    -17.85  -6.86   8.09    6.07    7.88   
-1.24   -19.75  -7.47   2.06    -6.13   1.42    -15.13  -16.46  -11.78  -9.82  
13.37   6.82    -5.74   2.70    13.71   -11.53  12.82   -14.88  0.46    12.19  
0.94    -3.19   1.02    -5.49   -15.41  1.40    -0.17   8.03    9.10    16.21  
10.83   -2.95   -4.99   10.28   10.98   0.26    5.42    -0.41   -2.81   10.37  
6.41    -1.52   5.51    14.12   11.10   -14.63  2.98    -8.68   -5.56   3.62   
11.23   7.80    5.07    -5.93   -8.57   -23.36  9.06    -15.97  16.38   17.11  
5.72    -8.54   -4.54   -0.10   2.41    -5.06   -9.95   5.74    16.20   -1.88  
21.85   10.00   -2.88   5.73    -14.35  -15.84  -3.08   -4.80   -1.84   -2.64  
-1.03   9.00    -4.17   2.80    14.22   -11.40  5.83    -3.16   9.99    0.29   
18.58   9.42    1.61    -7.99   -8.05   -6.23   -1.22   -10.39  9.83    1.81   
-0.88   0.91    -4.23   1.51    2.72    -1.24   4.79    1.43    -4.68   -4.11  
10.16   -10.11  -7.83   -1.89   5.91    -3.15   -11.76  -0.05   -3.20   4.61   
-3.14   12.27   -5.61   4.64    -8.04   -0.13   -21.69  1.81    4.17    -9.77  
-5.55   0.21    -1.73   8.75    -9.90   -8.83   -1.33   -11.12  4.78    5.73   
9.78    -5.85   -12.07  -1.05   -6.96   -20.51  0.35    -0.68   -2.72   6.41   
5.32    -21.03  0.58    0.20    4.21    0.28    -3.62   5.55    -10.64  -2.94  
2.40    -1.60   2.57    0.71    8.08    1.72    -1.07   -5.56   1.70    -0.12  
-5.25   6.35    10.63   10.75   -11.50  -10.11  -6.17   2.69    16.19   -8.79  
0.39    0.16    -1.98   -0.95   -1.30   -1.95   -2.64   -3.61   3.48    -5.03  
10.21   -15.53  11.49   -0.93   13.89   -2.67   -5.10   6.33    18.47   2.78   
17.40   -3.69   -10.10  11.10   0.60    -4.75   7.08    -6.78   7.75    3.03   
18.66   -19.74  5.83    -6.65   3.72    -7.05   -5.83   3.08    -2.79   -0.59  
7.73    3.33    1.94    -1.53   -0.11   -1.95   -6.71   -4.79   21.83   -17.87 
9.66    12.85   -11.80  6.41    7.86    4.76    -0.22   2.28    -0.28   1.47   
-5.29   -11.10  -8.16   1.10    -11.17  3.26    -11.67  -3.74   7.12    -20.40 
-4.35   -0.06   4.09    1.29    0.20    4.49    -5.96   -7.59   11.17   14.88  
19.75   1.04    -7.86   -9.59   -7.39   -13.86  11.85   0.42    7.62    8.49   
11.60   -5.87   1.01    -16.64  9.54    6.46    -10.51  14.68   -2.62   -5.45  
8.47    3.93    5.15    11.67   6.34    0.02    2.44    -0.80   6.07    -6.44  
4.17    -18.42  4.47    0.99    6.45    -7.60   11.48   -6.55   3.37    -14.12 
18.75   -19.11  6.92    -7.74   -0.97   -3.64   -4.81   2.92    -8.10   17.72  
-3.76   8.23    -11.26  3.25    5.13    -2.02   5.42    -14.10  4.27    4.75   
14.75   11.36   -5.00   -4.57   2.84    -1.90   -1.18   1.16    0.41    6.18   
14.58   18.11   -20.44  -13.75  -8.90   -6.77   9.00    1.39    14.58   12.96  
-0.37   -19.94  8.23    -0.54   -5.89   -3.30   -7.91   11.56   4.43    -0.31  
-0.57   5.19    -10.43  -1.87   1.04    -19.64  0.05    12.37   14.59   5.61   
-16.33  -4.79   -12.33  12.56   -9.41   -0.87   2.83    5.68    4.69    0.77   
-0.16   -1.27   -4.17   5.47    0.67    -5.57   -0.49   -0.16   -0.84   -0.18  
6.91    3.13    -17.57  0.29    -3.19   -14.19  11.14   12.79   4.38    -5.67  
2.60    -3.65   -0.02   -11.53  -10.67  -25.85  -12.16  -2.32   12.01   -0.96  
-4.52   -8.15   13.27   -0.68   -7.53   2.93    7.57    9.26    2.03    7.63   
3.29    1.12    -0.02   -14.37  -12.09  -2.78   -0.81   -7.70   5.84    -9.25  
17.68   4.70    -5.71   -5.19   -18.70  2.20    -9.93   -4.26   -0.36   -3.80  
-17.92  -3.79   -12.30  6.81    -5.75   -0.45   -0.35   -8.31   16.09   -12.65 
-11.41  -3.37   -0.76   -7.99   -3.56   -1.85   -15.48  0.25    9.55    -19.79 
5.89    -8.31   -12.80  -4.00   -6.06   -13.72  -5.01   -24.43  0.00    -7.48  
16.25   -3.81   -12.57  -2.57   10.67   -9.16   -1.85   -7.81   2.29    0.06   
9.66    -9.51   5.24    -2.42   -2.95   8.03    -4.63   3.18    3.72    5.73   
26.69   -12.90  13.84   -6.85   -3.21   -21.45  -27.14  2.60    -12.65  18.28  
2.39    -7.23   -1.92   0.28    -8.12   -4.39   3.81    -6.91   -1.28   2.01   
7.33    -18.89  11.25   -16.39  -6.87   -6.81   1.43    -1.70   -6.56   4.43   
2.60    4.82    2.94    -1.79   -1.60   -8.60   2.41    7.80    30.95   0.14   
-3.17   0.39    7.55    -10.98  -0.98   -13.73  -3.58   -5.53   14.28   5.02   
8.47    17.92   -2.92   6.33    1.06    16.13   -5.73   -2.66   3.50    -0.96  
1.62    10.51   -1.80   9.48    0.87    8.26    21.79   -2.95   8.91    5.09   
7.64    -22.60  -7.02   -8.34   -9.69   -12.99  -8.50   2.79    3.91    -4.41  
11.85   -8.23   -6.33   0.83    -5.75   -5.41   -1.07   1.68    -2.23   7.29   
8.03    8.32    -0.55   -5.02   -7.08   -15.70  3.10    2.05    4.93    12.91  
18.02   6.82    -13.89  14.00   -9.02   4.23    6.80    -0.69   -14.73  -0.51  
8.13    -6.91   -10.70  -4.02   6.36    -7.72   -11.82  0.01    2.01    10.54  
0.15    11.94   3.36    -0.58   6.48    3.11    0.84    0.12    7.24    0.41   
2.92    -6.38   -15.03  -25.60  -5.09   -5.85   -7.42   3.84    -6.05   -0.83  
-2.16   -12.74  -8.77   -7.06   8.83    -10.33  25.74   9.01    11.94   9.62   
-9.89   2.19    6.03    -10.40  -7.43   -19.41  -7.22   11.92   8.59    7.60   
8.92    -12.83  5.69    -2.78   -10.24  -9.82   0.34    -1.00   0.48    4.83   
-4.79   -8.90   8.22    -14.61  8.04    -13.87  -6.16   -10.13  -0.11   29.83  
-6.88   -11.39  15.31   3.91    -10.60  -9.59   3.77    -17.19  14.13   -12.44 
17.02   -6.89   -6.89   -0.99   7.70    -20.22  -11.39  15.96   10.40   -3.53  
-9.24   2.32    -23.63  3.80    -14.92  -6.86   -9.29   -3.73   24.05   -5.80  
-7.57   -16.04  -3.66   -11.07  1.95    -10.68  -10.87  -12.44  7.65    -0.01  
-4.71   -25.12  3.25    -3.36   -13.36  -11.77  12.30   9.86    6.89    9.00   
-7.43   -10.76  -9.01   15.41   0.77    -9.50   -14.21  -11.39  2.52    13.29  
15.41   10.90   -6.18   4.54    -4.97   5.16    0.94    -1.93   -1.24   -3.38  
2.88    8.40    1.53    9.90    -1.69   3.79    5.73    -4.90   13.60   -0.09  
-24.09  9.73    -5.33   -3.95   -2.16   -10.89  -3.49   -7.65   15.33   -12.72 
2.34    2.64    -5.82   -1.06   -4.04   -2.54   0.15    -3.00   -3.58   -4.54  
12.85   -14.42  3.66    -7.60   -3.05   -3.99   2.07    -1.74   7.73    -8.76  
8.28    -26.18  2.18    -8.67   2.07    -7.93   -0.52   0.73    9.16    -4.75  
17.60   25.73   -6.61   5.26    -10.03  -4.54   -7.90   -14.47  -3.20   6.57   
8.00    7.69    -11.55  9.72    6.12    -11.53  9.00    0.41    -1.34   8.42   
-2.29   13.72   4.99    6.47    -6.77   -11.77  -2.89   -6.30   2.17    3.38   
-12.87  -6.39   -12.81  -12.07  13.93   -12.98  -1.57   -10.97  7.16    0.60   
8.47    24.95   -9.26   -0.20   3.27    2.98    -1.19   -2.23   12.86   -2.28  
-13.66  -5.31   -9.41   12.73   -12.86  1.62    0.53    -3.31   19.17   -15.81 
16.43   6.03    -2.10   -2.77   13.83   -5.63   -12.37  8.17    3.25    10.86  
17.06   -13.40  -1.21   -2.01   -1.02   -17.56  20.77   -12.83  9.47    10.77  
-3.16   -4.04   5.18    -3.47   -13.61  -14.34  -6.61   -2.67   8.72    -9.47  
-6.04   -3.79   1.15    -5.88   0.17    -7.15   -9.34   4.86    11.11   4.88   
2.47    -4.09   -3.12   1.55    5.99    2.04    3.34    -0.37   -3.08   6.03   
-0.28   -3.69   -0.09   4.69    2.29    -1.90   4.42    -0.83   -0.13   0.82   
9.09    -11.69  2.17    1.29    -15.31  -7.94   -1.32   0.79    6.34    -4.21  
15.29   0.10    11.07   -3.26   -1.57   -32.06  -8.49   10.00   -12.68  10.28  
8.70    5.76    8.83    8.61    -1.49   -19.86  4.65    6.26    16.45   -6.03  
-12.89  10.24   6.63    2.26    -8.93   7.21    -5.76   -0.54   18.37   -7.41  
-9.60   -20.48  7.30    -2.09   4.24    0.98    2.02    5.06    10.24   7.20   
28.60   -22.90  4.93    -21.01  -18.50  -0.08   -10.49  15.24   -11.33  -2.69  
20.97   -9.87   -3.09   -11.15  -9.45   -11.58  -5.35   -2.43   -7.55   0.69   
11.52   -4.14   5.42    -1.97   14.08   -20.48  4.51    -2.38   -4.11   9.97   
-0.78   3.49    3.81    2.23    -3.87   -11.62  5.52    -1.61   13.66   11.79  
-9.10   1.71    -8.35   6.73    -5.88   -1.28   9.67    -5.96   -7.55   0.54   
2.59    2.23    -3.24   11.23   -22.14  -1.03   -7.78   -14.91  7.16    12.42  
20.01   -13.15  0.44    -1.60   -1.77   2.30    3.18    23.41   -0.56   2.10   
4.33    -3.02   7.88    6.20    -21.29  -8.78   -21.64  1.30    11.33   -9.72  
16.42   -14.05  3.98    -1.38   -9.95   -15.29  -12.24  13.14   9.98    11.52  
1.58    -0.84   -3.43   4.34    4.34    -3.57   1.36    -3.04   -0.30   -0.45  
7.77    5.22    -2.79   -17.25  -10.23  -16.65  -2.77   10.61   3.19    0.69   
12.91   -7.47   -16.36  3.62    -2.86   -9.17   12.42   -8.47   19.91   0.03   
13.18   -14.10  13.33   -11.75  -1.10   -13.04  -5.83   -1.72   -7.87   4.35   
3.83    14.65   -5.79   -8.53   2.14    4.32    9.44    -0.85   -0.70   8.53   
1.36    -6.14   -15.42  0.66    11.19   -10.39  1.56    18.08   3.63    -6.03  
-0.00   -3.49   -4.65   1.84    1.25    1.59    1.29    -6.80   -6.87   0.90   
6.54    -7.45   -4.96   -1.33   1.47    -16.16  2.31    -1.16   3.20    12.39  
9.42    5.60    7.30    -5.33   -12.01  -22.37  -7.62   7.24    16.07   7.83   
11.33   -24.86  12.23   6.09    -8.28   -5.80   1.40    0.82    0.28    2.16   
-0.39   19.26   -2.48   4.86    2.97    -12.43  11.55   -8.43   -9.00   -11.07 
17.13   13.87   -10.56  -7.49   4.26    -21.46  -3.07   -8.93   11.80   -0.46  
9.84    -17.95  9.67    5.46    -7.12   0.03    0.05    9.86    0.67    9.95   
3.60    -3.01   0.89    10.21   8.01    8.88    -2.55   -0.51   -8.72   -7.83  
8.50    2.89    -11.87  13.00   7.71    6.95    1.47    -10.35  5.95    11.37  
1.12    -5.31   -4.55   5.52    -11.56  -6.10   -14.62  2.13    12.41   2.37   
-0.36   6.17    -5.05   1.16    12.99   -18.68  -5.89   2.05    7.49    -0.51  
-9.69   1.88    7.88    -2.98   5.84    -2.51   2.19    -7.51   3.39    -0.47  
10.62   16.08   4.71    -4.47   -7.40   0.47    -5.01   12.32   -8.23   -0.67  
4.38    1.13    2.23    7.39    3.65    -13.39  -6.20   9.36    4.66    8.92   
6.36    -1.02   -7.56   1.93    2.27    2.30    4.54    -6.33   -0.89   -12.26 
7.05    7.59    -12.36  2.39    -3.81   -4.81   13.54   3.14    6.10    5.04   
25.13   -7.84   1.19    -4.32   -6.17   -10.05  -6.45   -0.79   -15.11  18.87  
0.88    -2.00   -10.10  6.17    3.33    -9.96   3.40    -2.19   -6.84   1.11   
1.25    -4.43   4.98    -7.46   -12.57  -5.40   -9.37   -23.05  -4.34   2.33   
2.70    -18.96  10.59   -15.80  -0.74   -10.16  -13.39  7.21    0.62    5.29   
17.91   -4.41   -6.02   2.50    -2.58   -13.38  -1.37   -6.07   7.03    7.48   
7.73    -19.14  9.16    -3.81   -4.10   3.43    -1.62   -3.03   13.87   13.94  
9.68    4.60    -5.86   8.10    23.51   1.89    5.68    -0.30   -4.86   13.64  
15.21   3.65    1.88    16.66   -21.43  -0.33   -8.12   -6.87   4.12    -3.32  
2.06    0.14    3.32    0.42    4.47    1.79    -1.67   -1.74   -6.27   3.81   
13.20   -1.45   4.72    -8.28   -9.98   -4.24   -12.37  14.53   3.37    0.28   
16.54   -4.03   -7.50   -1.51   -4.53   -18.90  -4.63   -1.04   -8.47   4.93   
4.79    15.30   -7.59   6.18    6.21    -8.77   3.19    -16.64  16.63   4.97   
2.16    -5.29   1.27    5.83    -0.17   3.45    -0.55   -3.20   -1.61   -1.64  
4.87    -9.21   -12.14  -8.47   -8.45   -4.66   -5.41   9.02    6.78    2.24   
12.09   -7.16   -4.26   14.02   0.12    4.23    21.27   -10.29  7.65    -4.80  
21.96   -0.97   -5.54   -7.58   -1.18   -12.30  -2.64   4.10    -0.21   -9.09  
1.24    1.80    -3.15   1.18    6.47    -4.85   -4.63   -4.62   1.46    -1.73  
7.16    -23.90  0.78    14.41   -4.77   4.65    -9.18   -0.13   -5.83   1.70   
10.98   -11.07  0.84    -17.52  3.41    4.60    -7.62   -13.70  11.70   15.32  
1.81    4.78    -4.03   0.55    -18.92  -7.69   4.26    -2.35   15.11   -3.12  
11.25   -6.01   -0.96   5.19    8.02    -3.94   -6.47   0.39    3.29    7.29   
11.43   -16.68  -6.44   5.42    11.69   -3.48   -7.39   12.97   -1.57   -8.69  
14.62   -1.69   12.66   -5.93   4.16    -0.95   5.12    -1.55   1.38    6.22   
11.64   -23.62  -0.88   -0.61   -8.67   2.20    -11.84  15.67   -1.27   -9.39  
18.89   4.52    4.23    11.86   7.76    -12.81  -13.19  -0.85   14.15   -11.72 
9.20    2.42    -12.82  17.06   9.16    6.67    12.88   -4.96   4.11    -6.79  
19.11   -5.13   1.03    -11.74  -3.44   -17.47  -6.94   4.20    4.66    2.70   
1.96    -1.56   -2.49   1.15    2.04    2.96    1.08    -1.67   -8.90   -4.68  
7.09    -16.49  -7.09   8.70    2.57    -9.02   3.98    4.68    -6.20   2.14   
4.35    -10.30  -13.49  -7.27   -11.32  7.66    3.68    4.97    -11.10  3.18   
-6.59   5.45    4.43    6.48    7.90    3.98    2.36    -11.70  -1.83   -6.83  
5.67    -8.71   0.19    0.75    -1.44   -7.59   -5.86   7.25    4.39    15.76  
4.42    -18.74  1.78    -0.30   -2.19   7.14    -4.46   22.42   1.42    4.76   
-6.98   9.48    -16.18  -17.42  16.33   -8.65   -3.23   -0.76   0.73    -5.50  
-9.67   3.64    -7.91   10.23   1.52    -4.08   -4.47   -1.82   3.42    3.81   
20.16   -13.09  6.17    -16.63  -16.09  10.65   -7.09   0.59    -3.45   4.34   
3.92    -6.26   -2.62   4.30    5.02    -4.24   2.76    -0.10   -5.93   -1.84  
-1.56   -14.55  -12.70  -9.54   -0.32   -10.59  -10.08  -0.21   11.59   -0.11  
11.87   8.49    -2.24   6.64    6.99    -0.57   1.43    -11.77  6.16    -5.28  
-0.41   5.00    -6.41   14.67   -2.68   -0.70   -0.48   9.88    10.10   -13.58 
-0.96   -0.66   -11.81  -8.32   5.64    -0.31   -7.96   -20.19  -0.52   4.32   
6.51    -4.68   -3.83   -1.55   1.51    -6.10   -11.86  -12.32  10.97   5.13   
16.97   -20.50  -5.02   3.96    -1.19   -1.65   2.07    12.12   0.55    0.40   
1.39    6.41    -9.02   -8.00   8.05    2.06    13.20   -9.35   0.16    11.60  
13.90   -5.91   2.35    12.35   2.66    -10.10  -5.97   6.91    -7.93   4.89   
10.76   3.93    -6.97   0.35    2.21    -5.20   -6.38   -10.41  6.40    3.26   
1.68    -0.07   -3.19   0.81    5.16    -1.98   -1.80   -1.08   -9.03   -4.48  
3.76    0.84    -5.23   -0.95   10.82   -1.61   1.20    -2.25   11.13   -1.88  
-4.19   17.69   -7.46   -1.18   -4.31   -7.84   -7.11   -15.15  1.90    0.30   
6.00    -5.66   -1.13   1.45    1.33    -4.03   5.21    1.30    -2.05   1.39   
-14.22  1.53    6.34    1.51    0.83    -18.40  0.14    -0.02   11.71   -4.04  
1.92    -8.21   11.52   12.31   14.86   -5.45   5.70    -6.32   0.78    -2.30  
9.61    0.20    2.06    -7.25   -11.35  -23.89  -2.99   12.42   17.48   8.65   
1.82    -4.23   -13.97  -3.05   -13.25  -27.73  -1.93   -9.48   -8.06   8.43   
2.76    -2.85   1.97    3.08    -2.00   -5.96   0.46    -5.76   -1.50   -0.86  
5.21    -15.58  3.76    0.91    -19.17  7.30    4.48    7.40    -4.79   -15.73 
-6.41   5.93    -1.86   14.73   3.88    -2.43   7.04    -0.64   7.75    -4.78  
-11.63  7.62    -4.50   -1.24   0.27    -12.61  3.49    -11.09  5.48    -17.37 
9.37    3.16    7.02    -8.24   -10.42  -0.11   -4.94   5.96    3.17    3.71   
9.14    -34.36  -8.58   -3.82   -3.92   4.38    -11.74  -7.42   -3.23   12.17  
3.50    5.73    -4.14   7.57    0.85    1.21    3.12    -0.00   -0.09   17.58  
15.60   4.71    -2.45   -2.49   1.84    -17.79  -3.69   -11.19  6.74    -5.97  
-0.70   -7.53   -23.36  -6.30   3.59    -5.88   -6.43   3.62    -11.06  9.77   
4.59    16.30   -6.34   -8.85   -10.49  0.26    -3.36   -16.80  7.45    -5.21  
4.16    4.37    0.89    -1.21   -0.50   -1.30   6.09    -6.05   -7.24   -0.88  
1.58    -15.80  -0.90   -1.15   -4.09   10.11   -0.07   8.65    0.66    6.95   
5.74    10.75   -2.66   -7.86   -6.29   4.33    7.14    7.68    0.77    6.46   
-2.75   5.50    -2.69   -1.97   -21.96  -9.50   0.31    -19.07  1.95    -7.05  
7.75    -2.30   6.74    -20.76  -8.08   -2.30   12.33   9.43    4.69    5.44   
8.95    -21.41  7.61    -1.85   -8.75   -9.42   -7.80   8.15    5.16    9.01   
15.18   -6.60   -10.47  1.14    3.88    5.47    -15.68  17.07   5.08    8.36   
5.90    -6.62   -4.34   -15.85  4.24    -1.58   1.81    -2.98   9.01    18.06  
15.80   3.50    0.85    -12.43  -4.19   -7.69   -16.68  14.27   -3.92   9.87   
1.22    -5.83   -8.09   -3.03   -2.26   4.28    -0.47   -11.02  8.62    15.16  
6.80    -11.88  -3.05   -2.23   -0.71   -15.13  -10.87  11.63   -0.87   7.63   
11.95   6.01    -7.57   6.08    5.90    -13.94  11.33   -2.20   -3.80   6.25   
-16.28  -4.35   -19.41  -7.75   -8.04   -14.72  -7.64   -13.66  15.45   -7.11  
12.42   -5.83   4.92    -6.97   -8.99   -7.48   -4.52   -0.64   -10.17  2.88   
-3.92   -2.37   -4.14   4.18    -12.55  -9.81   -2.96   -19.79  2.88    -16.83 
6.73    -6.89   5.35    -4.55   -1.05   -7.72   -4.53   1.92    4.48    10.78  
-1.53   0.16    0.25    -0.04   -1.60   -2.47   0.28    2.62    -5.20   -9.42  
-9.55   -13.68  10.39   -8.61   -0.02   -15.49  12.34   -3.53   -3.65   -14.84 
3.31    -26.73  13.36   1.24    -7.62   0.93    -12.74  13.52   -3.36   -5.92  
-6.21   4.66    -1.36   -0.72   -2.65   -4.83   -17.14  -11.34  -1.13   3.07   
1.36    9.61    7.86    0.10    4.40    2.39    -4.27   10.07   -17.66  6.40   
13.04   -1.89   4.51    -9.47   9.36    -10.53  5.90    -5.57   -1.18   5.43   
15.07   -23.47  2.65    -10.84  -3.56   7.51    -3.62   0.45    -6.48   7.92   
5.62    11.09   -7.38   11.67   3.43    -2.59   1.75    -20.67  -0.95   -6.27  
1.57    2.97    -7.45   8.30    -2.10   -2.78   -3.32   3.88    -17.32  -4.81  
2.71    10.00   -6.83   11.27   -0.80   -3.68   -4.28   -5.91   6.44    3.45   
5.31    10.40   1.08    13.18   15.91   -1.84   0.18    -0.88   8.99    8.01   
-1.42   13.47   4.13    -8.19   3.67    4.69    -1.20   -19.64  19.22   0.85   
9.26    -5.53   8.32    -8.97   -9.88   -11.01  8.46    8.13    7.86    9.49   
-4.51   -1.57   4.31    5.20    -12.99  -6.26   -14.78  -23.91  25.57   -6.56  
15.26   -3.33   -12.58  -18.60  -11.63  -8.88   -1.85   -2.25   12.05   7.18   
1.41    -10.81  4.67    7.06    -19.30  12.99   -5.34   -6.78   8.30    -10.61 
-11.99  4.92    -0.95   9.42    -8.46   -14.68  5.75    -3.65   8.77    3.27   
6.02    -0.47   -6.83   2.80    7.09    -2.33   -4.62   -5.86   -5.56   3.42   
21.04   -13.38  -1.12   -7.62   -2.24   -0.12   -19.80  11.18   16.05   -1.30  
5.24    10.37   -16.40  9.56    -14.05  -15.35  -4.98   -7.38   9.70    6.83   
12.17   10.07   -0.27   4.18    13.51   -2.90   5.73    2.48    -9.31   7.04   
1.50    1.55    -6.17   1.58    -21.52  -10.81  -18.00  -11.86  20.19   4.28   
15.54   -9.71   7.90    -7.73   9.49    -17.71  -12.59  26.44   -11.08  17.83  
8.01    -1.89   -5.96   -5.05   -17.78  -33.06  -2.67   -6.79   17.27   8.61   
-4.95   -1.29   -2.50   9.60    -12.82  1.19    -12.59  7.32    10.98   -3.21  
6.07    6.63    0.36    -13.98  6.71    -16.23  4.79    8.04    13.58   7.51   
-2.21   -4.83   3.40    -6.17   3.63    4.23    -10.34  12.38   0.99    12.56  
1.02    -20.41  -1.90   -7.35   -3.65   -7.51   -14.50  3.21    -4.86   9.37   
11.84   6.14    -2.12   -1.12   4.10    11.75   6.40    -9.32   -0.98   4.31   
14.00   -6.93   -7.24   17.78   7.18    13.44   2.23    -4.10   2.85    16.35  
1.65    -1.31   -5.79   0.18    -0.82   5.15    -0.88   7.70    6.10    -12.68 
19.52   -9.26   -10.77  -5.91   -12.73  -5.04   -0.58   -3.34   -6.53   8.70   
-0.59   -4.19   5.37    3.37    5.99    -1.67   1.57    -4.05   -3.09   -2.53  
1.30    7.56    -1.83   2.09    8.89    -21.42  -17.33  -7.78   15.27   7.89   
-0.90   -2.01   2.61    5.71    4.83    -2.65   3.37    -0.69   -5.55   3.04   
21.60   -1.83   -24.11  -28.84  2.83    -14.23  1.86    3.58    -10.66  9.06   
-11.23  -0.97   -15.46  8.56    2.38    -7.80   -14.25  -14.76  19.77   -18.74 
-1.20   13.13   -18.18  22.12   -9.68   4.96    5.04    -17.60  8.82    6.30   
1.80    8.18    1.36    -0.53   13.76   3.69    12.36   -4.08   7.22    1.06   
-9.12   -0.32   -11.53  -0.16   0.82    -10.43  -7.76   -12.77  13.45   -24.75 
0.42    -3.86   -0.52   0.76    4.03    -0.48   -3.98   1.01    1.01    2.23   
22.00   -9.60   -2.85   -1.48   6.02    0.64    -4.79   12.39   2.39    -3.23  
10.30   -6.00   -0.41   8.34    11.12   2.28    5.20    -5.96   2.52    5.66   
10.76   -6.78   -13.96  2.68    -1.31   -12.40  10.26   -7.87   -6.21   1.03   
7.03    -4.53   -13.33  -5.91   -11.37  -7.15   -13.60  -5.93   11.88   5.50   
13.05   -5.04   1.48    -5.16   -6.92   -17.95  -5.26   0.41    4.91    -2.09  
9.70    -34.17  5.65    6.12    -7.66   -8.10   -2.19   1.63    -0.75   8.04   
-1.07   4.72    -4.21   -2.99   -5.45   -8.90   -0.99   -2.04   7.49    -9.08  
-2.19   1.02    -0.90   -0.40   -10.31  -5.50   -2.63   -15.50  11.52   5.33   
2.06    -2.14   -2.57   -1.05   1.74    3.79    -2.70   -1.79   -4.76   0.97   
13.93   14.43   2.67    0.96    13.63   1.51    8.44    -2.43   1.54    -4.87  
-1.11   -4.89   1.64    4.42    -1.03   -3.55   -3.08   -4.49   -1.35   2.11   
11.48   -19.07  -3.43   -11.78  -4.40   -11.45  -15.34  6.20    -10.57  12.07  
10.88   -2.10   -3.91   7.33    13.70   -2.79   -8.12   0.13    -1.51   5.74   
3.06    -2.83   -7.55   10.04   5.38    10.06   8.25    -10.96  -3.83   5.34   
2.63    -15.05  -8.65   -6.15   3.50    -10.87  -1.94   4.13    8.94    -0.23  
-0.04   12.21   -11.96  10.81   9.41    -3.76   -8.64   1.37    17.51   3.80   
11.54   -9.73   13.64   -1.55   -4.48   -17.70  -1.66   14.44   7.94    11.63  
-2.28   3.65    1.26    3.31    4.16    0.34    0.10    -2.67   2.81    3.10   
24.03   -19.96  13.53   -1.67   4.39    -5.00   -10.94  22.82   -3.50   4.06   
-4.63   -7.61   2.87    1.99    6.81    4.93    6.78    -15.74  -1.94   3.90   
0.54    -4.75   -0.27   -1.76   3.09    1.09    2.04    -3.87   -4.70   3.60   
-8.69   -13.28  -2.36   -4.27   12.20   -14.79  9.81    -0.23   10.00   2.34   
6.29    3.54    19.89   -4.99   5.63    -9.10   4.94    13.25   4.30    -1.30  
12.01   -8.46   9.60    -0.41   1.71    -9.34   -16.40  0.60    5.92    1.52   
2.50    -1.91   -1.93   2.66    3.98    -4.28   0.86    -2.68   -7.47   -2.70  
16.28   -10.08  -2.00   -19.57  -8.79   -26.33  -22.32  3.17    2.09    14.83  
-12.42  2.13    -5.53   4.52    -4.28   3.31    -2.22   -2.23   6.27    -7.75  
6.49    -16.24  -3.11   -20.03  -18.16  -15.21  -0.05   1.01    -10.15  12.08  
1.30    -3.01   1.47    6.01    1.23    1.03    0.15    -2.22   -3.10   -4.11  
10.55   2.24    0.52    -25.02  13.94   -14.55  3.77    -10.88  6.56    3.15   
-16.66  4.58    -2.59   5.41    10.63   -2.72   -10.23  -0.73   6.06    -14.50 
27.72   -19.91  7.62    -14.80  -4.26   -24.49  -0.95   -4.66   8.35    25.23  
-1.35   -2.29   -3.00   3.81    5.05    3.28    -1.00   -0.25   -6.54   0.04   
-3.39   13.23   -6.87   7.61    2.94    10.17   2.99    -4.80   7.78    -6.42  
-4.92   -15.99  1.09    -11.92  -2.91   -8.20   -15.82  19.77   -3.24   -2.76  
10.47   8.07    -0.96   -7.16   -2.37   -5.42   12.22   25.81   8.79    8.63   
11.69   -17.00  -5.08   -18.17  -6.15   -14.36  -11.17  10.03   3.43    -6.15  
4.01    3.80    -10.95  4.09    -4.65   -1.22   6.07    -12.29  6.31    9.19   
0.99    -11.24  -3.15   5.20    -3.96   3.32    3.81    -7.21   -7.85   9.13   
-8.56   -18.07  14.86   -2.03   -12.01  -6.16   -3.05   -0.09   2.96    2.92   
-7.07   -3.24   -24.73  -4.08   0.99    -6.70   -6.27   -7.52   14.46   -10.14 
6.68    -15.34  -6.28   -2.68   -1.83   -10.24  -12.74  -9.52   6.15    5.51   
-2.08   -25.02  12.84   0.05    -12.35  -2.85   0.01    9.54    5.01    -4.95  
2.97    -8.55   9.41    -7.58   11.89   -5.75   -8.93   18.66   5.86    1.89   
25.85   -4.91   -4.69   -5.74   -13.16  8.95    5.19    0.05    5.09    12.55  
-3.64   -4.50   -15.12  -6.66   -19.53  3.70    -8.37   -11.37  2.44    -0.32  
14.89   -16.76  -3.31   2.93    1.20    -21.54  -4.22   -8.24   8.51    11.37  
11.23   0.46    -8.63   0.43    5.95    -11.60  -13.97  7.86    13.11   -1.77  
11.74   -12.92  2.22    -2.88   3.75    -8.96   1.51    -7.36   1.66    3.38   
4.12    0.85    -16.75  -2.23   9.83    -5.29   8.37    -11.21  5.24    7.49   
1.52    -1.29   11.01   -13.13  -0.16   8.56    -2.48   4.45    10.39   5.51   
12.14   -0.63   -2.68   1.61    10.92   3.26    -12.05  1.71    2.18    6.51   
11.46   4.58    -5.53   -0.81   21.30   -2.15   4.98    5.29    8.31    10.39  
-5.40   12.55   5.28    7.27    -4.52   0.55    -19.17  -15.70  1.01    -6.32  
-11.41  1.34    -1.18   6.79    -9.94   -7.59   -23.03  11.22   1.48    16.73  
2.25    3.66    -4.39   8.54    3.92    1.68    -0.83   0.72    0.75    -1.46  
-1.78   5.59    -8.21   -15.39  -7.69   -9.21   11.10   -1.74   -7.78   19.07  
