12.21   -3.91   -4.86   4.06    -3.94  
9.52    -12.70  -6.07   -7.89   9.60   
-6.07   9.50    -6.54   -11.84  4.53   
3.48    11.42   4.17    13.90   -10.51 
-14.31  -6.96   4.51    -4.38   -5.08  
4.22    1.95    0.63    -3.21   -0.88  
-1.66   4.62    -21.02  8.61    15.56  
1.35    -6.90   -7.73   8.72    8.23   
-3.41   -1.99   -1.33   -1.99   -7.12  
5.16    6.26    -2.08   13.87   3.52   
-6.53   -8.63   -5.89   -1.56   -2.68  
-1.81   -14.98  -14.02  -0.73   -4.37  
8.40    -2.76   -1.68   14.67   15.70  
-4.94   0.04    2.85    6.91    -10.75 
2.21    3.86    5.33    -5.28   4.09   
9.08    12.87   -17.33  3.71    9.76   
0.10    -2.97   -5.69   -1.45   2.13   
0.44    4.22    -0.99   9.32    -3.82  
-1.15   3.87    8.29    -2.00   6.77   
-3.99   -3.67   -11.90  0.74    2.46   
9.40    -0.68   3.28    1.50    3.25   
-1.43   16.71   -1.83   5.63    -0.05  
10.73   5.28    -2.11   -0.19   1.73   
-19.16  -10.58  -12.01  7.51    -2.18  
5.88    7.69    -4.18   -0.53   1.99   
-10.29  -10.92  -10.34  -0.59   10.54  
-1.82   -7.44   -8.86   1.38    5.75   
0.42    -1.06   -8.33   -3.73   12.12  
-9.96   0.78    -13.82  3.51    4.67   
-10.70  2.25    -1.78   11.91   7.59   
-1.20   -0.16   3.06    -1.02   -0.58  
2.20    -8.03   -2.42   1.18    -7.09  
10.80   0.78    -9.41   -11.48  8.34   
2.78    15.36   1.11    3.75    1.71   
-0.64   4.09    1.43    -3.31   3.71   
8.00    2.14    7.51    -5.70   15.41  
7.29    7.80    -4.69   0.89    7.85   
-3.50   5.90    -3.82   2.34    8.74   
-1.98   1.26    3.71    7.28    6.93   
7.26    -7.78   4.32    4.11    -15.20 
-0.26   -0.64   2.28    1.53    -7.85  
0.61    9.61    4.91    -4.38   -9.36  
3.39    2.62    -16.84  13.48   3.45   
5.00    16.04   -4.73   5.92    -2.29  
-13.32  -15.87  3.56    8.50    -2.92  
-5.69   6.10    -7.62   -9.35   12.54  
-0.22   -3.96   -8.77   0.04    4.17   
1.08    -3.53   6.14    0.38    5.74   
-2.58   -6.91   -3.29   0.61    3.37   
-4.48   2.53    -14.05  6.92    3.47   
-8.29   5.63    -5.35   1.46    12.69  
5.12    -2.93   -16.13  16.73   3.24   
3.49    11.43   2.89    7.29    3.48   
0.04    10.30   -4.84   -5.34   -1.44  
4.20    -4.43   9.43    14.47   15.43  
-8.40   -12.40  -1.04   -4.53   10.38  
-6.27   2.31    3.74    -2.36   18.18  
10.51   -10.68  -10.35  6.57    4.01   
-8.21   5.78    -9.07   2.34    11.09  
-6.38   -13.27  -5.32   8.89    -9.60  
-0.96   4.41    -6.54   -1.05   3.06   
8.68    -3.63   4.10    -6.71   -18.80 
7.08    6.84    -5.11   -1.34   3.66   
4.05    17.92   -5.34   5.05    -5.79  
4.27    -0.29   1.01    5.76    9.10   
-2.36   -4.13   -1.11   -9.83   5.77   
-0.22   8.23    -11.01  -5.11   -4.99  
-14.20  -13.25  6.20    10.25   -0.44  
5.29    2.38    -18.25  4.34    2.19   
-5.11   -0.50   -2.26   -4.54   -4.64  
-0.05   -3.12   -0.36   -14.03  -1.23  
3.31    1.48    6.93    0.67    -1.90  
-7.34   -0.66   -12.63  4.85    -5.31  
-1.43   -0.34   3.57    -1.89   -1.36  
5.17    12.48   -1.95   -0.69   8.29   
9.49    5.26    -2.76   3.07    13.90  
-5.98   1.14    -2.39   17.42   -1.72  
3.03    11.33   -0.34   7.00    -8.11  
3.50    -2.96   -4.28   8.76    12.68  
10.31   8.95    -4.81   -0.08   0.93   
11.30   -13.04  -4.25   -2.10   12.13  
4.59    -8.24   10.16   11.69   -5.38  
-2.82   0.70    -10.47  -6.85   3.87   
5.13    -8.34   -6.90   -11.67  0.68   
-2.80   6.46    -7.46   -1.69   14.44  
-9.67   3.63    -9.08   4.53    9.92   
3.87    -0.26   -5.08   2.29    1.25   
-8.45   1.26    -6.59   14.59   3.91   
11.36   7.76    3.89    9.72    -9.66  
13.09   2.92    -6.36   -13.03  -6.88  
-9.96   -8.42   -9.28   -5.42   0.32   
5.26    10.33   -3.42   10.37   -18.30 
9.34    16.25   -7.43   0.88    -10.62 
0.75    8.64    4.10    -4.50   10.37  
-5.52   -6.96   -9.24   -5.82   10.38  
2.90    2.94    9.42    -1.00   9.36   
7.17    4.58    5.73    7.24    -2.88  
4.79    23.16   4.40    4.99    8.89   
1.71    -20.24  -7.75   13.37   9.98   
16.65   -13.39  -4.12   -3.71   -7.32  
