-5.58   -21.09 
-9.27   -3.02  
-12.02  -5.79  
7.70    7.12   
-4.12   -11.21 
-7.12   15.07  
-0.65   9.65   
5.67    3.91   
2.96    9.84   
6.75    0.44   
10.82   10.70  
7.29    -14.59 
-11.12  1.24   
-5.05   2.56   
-4.39   -3.72  
6.56    -2.30  
-2.14   15.40  
-18.04  -10.66 
0.08    -7.95  
6.90    -2.41  
6.48    2.26   
-2.02   -1.26  
-12.27  0.94   
6.17    5.31   
10.47   8.41   
-6.45   0.19   
-12.05  3.48   
-11.19  -10.42 
-1.74   -0.47  
4.95    -9.68  
-9.05   9.45   
-7.46   -2.50  
6.48    -8.38  
-4.56   -6.38  
-9.71   5.91   
6.16    3.01   
10.46   3.33   
9.39    2.02   
-3.63   -19.67 
1.37    -5.26  
-2.35   -2.88  
-0.14   1.56   
-15.59  -6.47  
13.49   -4.13  
9.51    4.92   
-7.29   2.61   
4.08    0.49   
-9.37   3.08   
-10.95  8.19   
-8.35   -13.71 
-10.29  -11.94 
4.76    -8.30  
-0.93   2.79   
-2.44   11.39  
5.26    -3.11  
-8.60   1.10   
-4.48   -2.86  
9.24    7.42   
-2.48   13.27  
-0.44   -7.44  
-2.68   7.82   
5.37    11.41  
-0.50   2.28   
-1.95   6.01   
11.71   -9.56  
1.50    -24.68 
2.99    -12.43 
11.51   -2.08  
1.94    -8.42  
-10.75  -16.23 
12.46   -0.60  
-4.83   1.79   
5.55    0.76   
-9.49   -4.02  
-11.10  10.63  
5.35    -2.83  
1.71    3.79   
-14.13  3.71   
15.39   -3.81  
-2.54   1.53   
-6.84   6.41   
-5.50   7.19   
14.67   1.13   
-11.94  0.20   
4.21    5.35   
20.15   9.74   
-0.25   -7.63  
8.99    -9.03  
9.24    -6.65  
-6.79   -8.00  
2.79    -1.99  
-8.78   11.94  
0.21    -3.29  
8.08    -4.65  
2.61    -10.22 
9.77    10.07  
7.12    1.26   
1.95    -4.27  
-11.52  10.74  
4.52    -14.33 
