-8.20   4.62    -8.99   5.42    -3.80   -18.02  -17.07  -3.86   7.97    -2.22  
-10.39  -4.93   -3.91   -4.60   -8.40   1.50    14.32   -3.73   6.47    3.75   
-12.41  -7.91   4.56    6.25    -8.63   -0.85   7.21    -5.80   3.67    -3.84  
-6.50   -5.32   -1.00   -10.12  -1.44   8.95    7.39    1.46    -4.58   -10.24 
0.98    -2.48   13.71   -0.24   6.14    -2.05   14.05   15.00   6.80    -8.84  
-18.42  -8.54   -10.92  -10.02  -2.75   -4.67   1.88    -8.76   5.14    -3.85  
-4.39   -2.75   -16.90  -3.91   19.99   -10.44  7.78    -8.68   7.21    -6.32  
-9.50   -14.48  -4.57   -8.34   10.58   3.15    -3.42   -0.95   -3.42   -3.82  
-13.33  -9.56   -5.51   2.34    -11.64  -4.26   -6.41   -8.03   -17.39  12.84  
-1.93   -2.68   0.85    4.20    -5.28   -0.38   -7.24   -7.67   0.79    -10.98 
0.17    1.56    3.31    0.17    5.20    16.53   4.24    1.28    -3.27   -2.79  
1.36    -4.17   2.77    -9.75   -5.74   -8.13   -1.90   0.18    13.54   -3.70  
2.30    3.68    -6.63   -4.41   1.98    -3.93   -11.44  0.46    -0.39   8.68   
-12.77  -11.77  -1.70   -5.08   -11.67  -7.96   10.79   -8.19   -1.90   -8.16  
0.80    1.72    -7.66   -13.95  -5.76   4.42    4.78    5.77    5.01    6.70   
18.47   8.74    -5.72   1.45    -3.86   -1.94   -8.88   2.51    -10.11  0.27   
4.35    -0.17   -4.73   5.74    -0.78   1.86    7.48    11.43   -1.44   19.20  
-15.75  -11.49  -3.69   -9.11   -4.81   0.33    3.93    1.05    6.21    -4.37  
-6.98   -0.88   6.91    -4.68   -2.26   5.24    0.11    3.36    11.53   -3.85  
-7.59   -14.15  -6.39   3.46    -4.67   -4.48   14.00   -2.64   2.61    -5.56  
3.00    2.39    -8.79   7.79    3.87    2.79    -21.51  -5.21   -2.49   -20.93 
-4.04   -6.98   -8.88   -4.77   -1.36   -7.47   -5.95   3.72    0.50    -2.80  
-18.92  -5.65   7.21    2.29    -2.95   -11.03  9.68    -3.40   4.94    -1.53  
-6.55   -5.32   -4.98   2.95    -9.36   1.38    6.80    -8.17   -3.07   -2.81  
4.74    -5.00   -5.58   -11.45  -2.25   -1.76   1.08    -2.19   -1.98   6.89   
-9.67   -5.50   19.14   -2.62   3.13    -16.58  13.85   -8.87   -0.80   8.89   
-4.29   4.18    -5.49   -4.15   1.08    -2.83   -8.32   1.28    -0.78   9.21   
4.81    5.71    -3.25   -3.16   2.17    -7.34   -14.76  -3.03   -3.25   5.39   
2.99    -8.34   3.24    -4.52   -4.78   -2.20   11.93   -0.85   2.23    1.78   
1.17    -13.50  3.75    -3.44   4.14    -11.32  26.51   16.65   -1.88   -2.14  
-15.65  -2.48   -9.65   3.67    -4.46   1.09    9.74    -3.14   -2.93   1.09   
-12.58  -12.88  9.26    14.59   16.30   8.69    20.80   -19.81  -11.25  24.97  
-3.16   -15.05  -4.61   -14.01  -1.83   -3.39   -0.30   5.23    5.84    -8.78  
-8.81   -5.94   -4.49   4.62    3.19    -0.30   1.94    2.14    -13.46  1.70   
4.36    7.51    -2.91   4.12    -15.37  3.58    3.45    1.55    -3.57   -13.40 
-14.03  -2.86   -1.39   0.43    1.06    -1.61   -13.36  -7.40   4.89    4.12   
-7.24   -6.93   -5.07   -4.59   -4.01   13.79   -2.07   3.12    -12.82  13.64  
0.22    1.89    -4.89   -15.68  -1.98   -4.10   -6.92   -0.59   1.15    -9.65  
7.00    -2.23   -3.61   -0.45   -4.51   6.68    6.28    2.90    3.51    -3.29  
-5.71   -6.24   -7.69   8.67    -3.46   16.61   16.15   3.40    -8.99   6.38   
1.04    -6.31   -0.58   15.88   18.59   3.17    -5.33   -16.91  4.88    2.82   
1.48    7.28    -8.50   -1.64   1.40    -13.30  -4.73   -0.74   -0.50   3.71   
-5.67   -2.67   -4.38   -2.54   -6.27   -8.36   12.36   0.40    -5.56   -10.44 
-1.94   9.14    18.71   -7.15   -9.77   -2.11   -8.09   2.82    3.79    2.17   
3.74    -9.40   -3.49   4.64    -14.02  -17.33  -7.41   2.22    -12.36  1.55   
-20.22  -6.38   3.09    -0.01   13.89   2.76    3.32    -4.93   -2.03   13.25  
-2.72   -10.73  -3.49   -4.52   -4.36   3.81    11.96   -8.19   -0.18   -4.40  
5.49    -6.47   1.94    -4.16   5.17    -1.85   -8.12   2.92    -0.42   -3.42  
-8.67   -10.04  -3.11   -6.85   -1.66   -5.92   3.91    -7.18   -5.04   2.90   
-3.10   7.22    -1.75   0.91    -7.25   6.19    0.45    -0.70   0.63    -8.25  
3.29    5.31    -9.68   2.62    3.59    -7.20   -9.23   -2.90   -5.94   5.10   
8.82    11.91   4.79    -9.88   8.76    -3.88   12.40   -7.78   3.00    1.98   
0.32    18.73   0.01    1.91    3.62    0.58    -14.51  -9.06   10.71   -5.13  
5.10    10.03   -0.64   -4.28   -5.05   -13.89  -3.00   1.30    0.18    -3.32  
7.41    9.06    -0.72   -0.48   2.43    2.15    2.30    9.63    0.96    -6.06  
2.64    -6.13   -0.10   -15.72  -10.70  2.38    5.80    -8.14   0.45    7.25   
0.45    -5.13   -2.77   4.32    5.12    0.03    2.46    -8.65   8.88    9.75   
-6.99   -2.39   0.26    -8.40   0.16    -3.11   -9.09   5.31    -21.10  -1.82  
-1.12   -3.99   9.27    1.50    -8.68   -8.09   9.05    21.14   10.99   20.96  
-0.64   -3.03   -4.00   -3.34   -10.78  9.25    2.33    2.25    -4.61   5.94   
1.35    4.16    -5.95   4.25    2.90    -8.99   -8.25   -5.97   -1.79   2.27   
1.68    7.02    -8.47   -3.78   1.08    -6.29   -4.64   3.24    -11.15  -2.24  
-1.29   -3.86   -8.58   -1.53   -2.14   -2.27   1.75    8.25    -6.01   4.20   
4.70    10.66   -4.37   -1.66   0.21    -4.82   -4.49   -4.56   -9.03   2.53   
-3.08   10.38   -4.74   -0.91   -5.15   -7.17   -14.08  10.39   -2.73   2.84   
-7.29   -6.82   6.71    -0.39   21.37   1.88    -17.17  10.88   -7.77   0.39   
0.60    1.49    9.67    1.35    7.05    -1.49   -6.02   -2.87   16.46   -7.87  
-6.84   -4.81   1.97    -3.23   11.35   -11.97  11.32   14.13   4.02    5.52   
-13.15  -3.60   2.86    0.56    1.30    -6.21   6.96    -18.06  4.79    -7.17  
2.36    6.87    -6.80   -4.65   3.83    -7.88   -9.95   -4.90   -5.02   10.22  
-2.60   -5.33   3.13    -8.22   -7.94   -2.76   9.76    3.57    1.27    -13.91 
-9.79   -0.51   -3.31   -3.45   -6.39   7.57    11.90   15.25   0.69    10.26  
-20.86  8.79    6.18    -16.63  -0.06   -6.50   22.10   -2.03   -5.23   5.61   
5.40    21.91   10.91   7.76    25.07   3.42    -7.24   -0.10   -2.59   25.53  
3.86    9.86    -2.95   -1.60   1.70    -3.62   -2.05   2.37    -3.57   -0.18  
6.07    5.23    -2.99   4.60    0.18    -3.97   -9.68   -4.19   0.93    -1.81  
17.12   -5.78   1.30    -11.42  -1.50   -1.65   0.47    -3.36   13.40   -6.27  
-12.61  -1.76   -12.12  6.78    3.46    -3.59   22.23   1.11    8.96    -7.66  
-6.96   -10.12  -2.18   4.59    3.07    -3.21   10.46   -6.02   -11.97  4.53   
-14.29  -3.70   -4.51   -4.39   -2.26   6.43    6.49    -7.90   4.51    -3.28  
1.90    2.90    -6.20   10.25   -3.30   -8.55   -2.18   -7.95   7.04    1.01   
-3.76   0.68    0.30    -7.26   -8.13   3.74    4.95    -2.76   -18.87  -0.34  
-2.63   0.94    -1.39   -4.15   3.14    -9.12   -4.54   -3.85   -7.62   -0.80  
-19.91  4.06    -0.40   -5.12   1.44    -21.69  -15.25  -2.90   1.64    -15.39 
-0.31   -7.97   -3.33   -7.16   -0.31   2.62    2.44    10.49   -10.93  -1.57  
-18.03  -10.01  0.04    -1.94   -4.36   -1.19   10.51   -0.07   -1.31   -4.74  
-6.23   -5.93   3.65    9.82    -5.29   0.56    8.73    3.88    -2.85   3.65   
-0.48   6.39    0.16    -0.43   2.56    -13.34  -6.01   -0.21   -8.91   5.35   
-5.65   -0.68   -10.23  -6.72   -6.66   -6.16   -13.49  -15.10  4.72    -3.74  
-2.62   -7.17   6.96    -0.19   -2.48   1.94    6.94    -7.64   4.45    -8.17  
-0.71   -0.95   8.35    -10.24  -0.43   -4.54   12.90   -9.98   -4.78   -3.10  
10.07   7.33    -4.69   -1.82   4.09    -9.64   -4.01   3.16    0.16    2.88   
-10.90  -0.25   -3.71   -6.04   -0.84   -4.86   -14.41  -1.89   8.36    -10.64 
-1.38   17.99   0.46    -8.42   6.23    -6.02   1.91    -10.22  5.02    7.75   
-3.50   0.53    8.75    -8.18   11.79   -5.99   0.79    0.40    9.08    -7.43  
-13.10  -6.41   -9.34   -4.53   -5.09   1.76    -0.37   -7.63   -18.68  -5.69  
-4.18   5.39    4.19    -5.09   3.73    4.56    3.52    11.95   -8.90   -3.22  
8.04    6.18    -11.06  2.03    -0.74   -2.55   0.88    0.90    0.45    3.06   
-7.09   -3.01   5.31    -6.95   -4.59   -3.31   -15.83  0.21    5.45    6.14   
-2.06   -3.44   0.45    -9.96   -9.31   -2.74   -0.08   4.41    -10.18  3.84   
3.28    3.01    -0.81   -6.33   4.93    -9.18   -7.76   -4.54   -0.89   8.42   
1.02    -7.89   2.35    -0.75   -2.29   5.86    10.37   1.60    -3.21   1.28   
-8.86   -9.06   0.06    -1.34   6.99    -0.52   7.95    -1.02   -0.95   -11.28 
-1.92   7.22    -9.30   -5.36   -0.44   -9.37   -2.95   1.39    -11.74  4.90   
-25.94  -11.84  -2.74   -1.88   11.75   -20.92  -4.45   -4.97   10.39   3.94   
-0.81   10.58   -3.03   -0.22   0.07    -4.30   -6.29   -6.78   -4.54   1.69   
-5.46   -8.33   -4.83   0.95    -0.68   -3.46   0.79    -8.49   0.26    -5.21  
-4.66   -17.93  8.71    1.23    -5.05   4.96    9.19    -4.35   -1.85   7.60   
8.68    -5.54   -3.15   6.24    -7.66   1.49    -8.70   -7.24   -13.61  -4.44  
-6.68   0.14    -6.51   13.84   -15.41  7.04    11.48   -4.88   3.18    8.37   
-10.69  -7.49   -3.34   -5.81   0.56    2.40    13.10   8.29    -4.08   7.19   
-1.21   -16.01  -1.25   4.69    8.51    7.80    -1.23   -1.89   -4.03   -0.60  
1.80    3.44    -1.89   2.50    -6.62   4.03    -5.02   -2.52   -12.88  -2.00  
-4.49   -5.61   -6.54   -6.80   -2.21   -2.36   16.67   7.46    -6.02   -7.92  
-8.33   -9.53   -9.43   2.54    -1.87   3.06    8.01    9.44    -1.93   -0.79  
-0.94   -4.51   -4.53   1.77    6.77    0.04    9.01    -4.25   -6.34   -6.66  
-3.71   2.30    -7.06   0.17    3.55    5.49    10.92   7.47    -7.36   -0.87  
0.33    4.46    -5.34   6.25    4.12    -11.72  -1.77   -3.60   0.18    1.79   
-5.27   -13.85  2.84    -2.09   0.72    5.41    11.12   -7.75   -4.33   -5.17  
7.59    -0.43   -5.22   -11.10  -5.93   6.46    -3.97   5.13    0.39    -10.96 
-15.35  4.21    -0.21   9.55    8.41    -5.32   -3.17   1.34    -4.43   9.99   
-7.25   -0.31   -0.54   -5.59   0.56    10.14   0.09    3.35    -4.35   -3.19  
-4.95   -12.07  3.88    -4.80   -5.70   -7.95   6.92    0.77    -1.09   4.23   
-9.21   2.16    -2.56   -1.91   -1.84   -2.08   -2.00   -3.71   12.30   -8.34  
11.66   2.09    -7.35   -6.18   1.79    7.37    6.73    -1.51   0.29    5.56   
-0.01   -10.92  -2.80   -0.33   -3.27   5.35    -9.70   -4.71   0.41    -17.41 
5.18    12.45   -10.78  3.69    1.03    -4.53   -7.19   -3.44   -4.77   6.85   
-1.08   -2.81   4.06    -1.90   -10.70  3.83    6.87    -15.52  1.81    -7.06  
0.50    10.56   -5.30   -5.14   3.20    -3.61   -4.41   -1.61   -0.39   0.81   
-3.03   9.48    -0.31   -2.85   -7.63   0.50    2.91    -3.61   2.20    0.08   
-0.14   1.44    -4.92   -1.06   -4.79   -7.25   -1.82   0.11    -6.34   5.83   
-9.45   1.65    0.12    -9.17   9.85    -8.06   2.94    -2.99   4.90    1.96   
12.48   -0.20   -3.93   6.46    12.26   -0.39   0.52    8.68    0.45    3.95   
10.68   -1.21   -9.01   5.38    -0.29   7.00    -1.19   5.93    -13.51  14.01  
-7.28   -5.32   -3.26   -0.56   -8.19   1.03    3.07    3.58    -11.27  14.81  
0.35    7.38    -3.58   -2.47   -0.74   -7.09   -1.61   -5.61   2.65    -0.28  
-0.32   8.17    -8.35   0.20    4.47    -9.07   -5.58   -3.01   -6.39   -1.28  
-7.16   -9.67   -4.49   -1.21   -4.32   -6.04   7.20    -7.78   1.43    -5.49  
-11.28  4.87    5.95    6.23    3.62    -5.95   -1.34   -3.62   -6.75   7.46   
0.94    3.26    -9.06   3.92    2.17    -7.39   -8.13   -4.93   -6.24   3.83   
-0.16   -11.75  -8.78   1.87    1.94    -1.31   -0.19   -10.22  -7.82   2.16   
-5.87   -14.28  -4.16   -11.19  7.53    -4.80   7.51    7.66    -3.37   -19.24 
-9.76   -17.88  -1.37   -4.35   -8.44   1.83    8.37    3.04    1.52    14.29  
6.66    7.47    -10.93  0.95    -1.76   -5.18   -2.64   -5.07   -1.89   5.61   
3.34    1.69    6.05    -9.55   -3.52   -1.59   3.14    -0.33   0.73    -1.64  
-12.54  8.13    -3.77   14.26   -8.04   10.00   6.17    3.59    -1.80   -0.86  
-5.68   -12.91  -1.25   -7.52   4.20    -4.73   -10.05  -13.69  -5.15   3.25   
-5.89   -2.40   -7.08   0.72    -10.49  7.16    19.58   -6.87   -17.87  -4.19  
-0.75   -6.91   1.52    -7.08   -10.35  -0.49   10.51   -12.06  6.67    -2.41  
-12.62  -6.07   1.86    -1.00   -9.22   5.96    4.42    4.29    1.11    4.26   
-12.53  1.53    5.30    -2.24   0.72    -3.18   11.39   -3.42   6.29    -0.13  
-17.98  -4.82   -1.25   -11.64  -9.55   1.73    5.92    5.54    0.98    2.79   
3.97    4.64    -0.85   -5.50   1.88    -7.79   -1.67   5.72    -2.14   -2.31  
-17.75  -9.93   -9.15   -15.51  -11.50  -7.80   -12.81  -10.14  9.28    11.61  
-6.74   1.40    -7.40   4.89    -1.04   -7.53   1.84    -1.65   -0.37   -2.46  
-19.09  -14.13  4.20    -5.81   -17.14  -4.40   4.02    -7.49   0.17    -2.43  
2.71    2.44    -2.37   -0.69   2.38    -3.23   -3.72   -0.65   3.02    4.83   
-9.12   1.68    -11.38  -10.38  -3.07   5.56    7.25    7.88    -5.19   7.04   
7.94    2.70    -4.35   1.89    -2.08   -8.12   -4.70   5.39    -1.38   8.20   
1.90    -16.45  -0.94   15.13   -0.26   -3.97   14.71   4.54    -2.14   -8.22  
4.76    -7.23   -2.54   11.06   -4.20   -5.86   -28.48  -5.35   12.04   8.31   
-13.00  -6.46   -7.60   -11.93  -2.24   2.26    0.00    5.90    0.12    -6.23  
-5.20   8.27    -4.57   -2.04   2.97    -2.73   -12.84  0.69    -6.82   -0.50  
-0.45   -12.49  -3.76   0.35    0.93    1.55    -3.90   6.43    1.68    -5.56  
1.13    10.05   -13.25  0.67    0.69    -3.56   -7.74   1.39    0.33    6.23   
2.01    2.99    -7.98   -2.54   -0.94   -7.66   -9.00   -5.35   -0.98   4.00   
-13.48  -1.43   -6.62   8.48    -12.35  6.45    10.53   -0.20   8.56    -10.41 
-5.68   -2.74   1.12    11.58   -4.27   3.51    7.71    2.83    9.49    -6.48  
-9.53   -11.39  -0.74   4.44    -7.58   -13.34  10.69   -6.32   6.82    -0.51  
-1.23   -4.61   2.63    -9.25   1.95    5.37    7.40    3.57    -23.03  -2.12  
5.06    10.59   -9.43   0.01    -4.34   -9.38   0.47    2.76    3.93    3.76   
3.75    10.07   -6.86   -0.44   4.97    -2.99   -9.22   -2.61   0.55    2.51   
-9.40   -5.97   -16.75  10.88   3.60    11.81   8.39    15.07   -3.58   0.53   
-17.55  -8.34   2.76    1.16    -12.81  -1.01   6.29    -8.03   9.08    -12.04 
-1.36   1.47    -11.68  -1.06   4.16    -6.16   -10.38  2.14    0.73    4.73   
-0.53   -7.63   -6.62   -3.65   -6.19   6.13    7.54    14.03   -3.36   2.87   
-11.91  -2.12   15.56   16.61   11.79   7.61    -9.34   3.82    -9.19   -4.61  
-1.05   -7.42   -0.19   0.13    16.94   12.01   -1.12   -8.51   -2.52   18.52  
-16.86  4.98    17.58   5.31    7.92    0.33    11.06   -9.63   -8.51   -3.14  
-7.03   0.61    3.12    2.55    -0.26   -0.93   9.22    -8.06   -2.35   -4.88  
8.46    -0.01   1.87    2.35    3.44    -3.92   18.33   2.44    1.31    -7.40  
-7.74   -3.91   2.62    -3.51   -4.58   6.22    5.03    -9.09   7.11    -0.61  
-5.83   5.78    -3.04   -1.74   9.89    -8.38   -2.61   -5.96   -0.55   13.16  
5.29    -3.87   -7.12   -4.13   3.47    -7.46   0.54    0.01    8.51    -8.69  
2.77    -12.52  -3.16   14.02   5.88    -0.96   0.59    0.22    -3.51   -4.94  
-9.02   -2.64   0.37    -4.18   -4.29   4.68    7.50    10.91   1.18    5.44   
4.68    7.08    -7.70   -4.50   2.70    9.95    -3.15   -1.24   3.21    2.90   
0.45    -7.26   -2.22   2.54    -2.78   -1.04   0.31    -6.54   6.19    -0.18  
4.54    0.71    -8.19   7.46    7.81    -6.14   -1.08   -1.78   -7.94   1.32   
-6.19   -11.63  6.88    4.67    -1.56   0.81    8.91    -3.99   8.65    -6.77  
-12.14  -0.61   -1.74   -20.43  -0.24   -11.80  -12.36  -5.29   5.91    -11.47 
1.37    -1.44   10.56   2.33    -6.77   3.98    9.06    -2.68   -10.70  7.54   
4.99    -1.66   8.06    4.70    -10.66  -0.87   -3.31   -0.95   11.91   4.34   
6.36    -10.73  1.38    -24.21  10.97   -2.24   2.27    2.72    0.42    1.45   
4.37    8.58    4.29    -13.46  -3.25   -0.40   0.26    -3.64   -1.41   3.50   
-10.16  -7.42   -8.57   4.23    -16.70  -10.14  -7.14   -2.59   -1.04   -7.85  
14.13   -4.55   2.24    -13.07  -9.33   11.90   -10.42  -0.47   3.27    -7.20  
-5.16   -14.19  -8.30   -1.22   -6.60   -2.60   13.48   -7.93   -2.69   -4.09  
-14.76  5.86    6.05    -2.81   8.90    -6.38   -9.35   -0.97   8.55    9.47   
-0.23   7.86    5.31    -4.89   4.21    -1.26   -3.99   -8.80   3.90    -6.19  
2.48    8.67    -9.27   -6.03   2.06    -3.87   -6.11   -7.17   -6.09   3.09   
4.65    -4.56   17.82   1.98    16.58   -5.20   7.24    -1.29   -1.00   1.30   
-10.20  2.34    -7.04   -15.19  -0.34   10.68   -1.34   11.53   -7.66   12.57  
-0.74   1.17    1.10    -6.76   16.65   -5.17   3.51    -1.18   -3.56   -10.64 
1.84    -5.38   5.30    -12.76  -14.07  0.51    4.38    0.55    -5.76   3.07   
-12.07  -12.81  -5.82   -5.12   -1.21   1.09    9.56    3.62    -6.86   2.85   
-13.30  -2.08   -5.93   -9.51   -13.71  10.91   7.85    3.78    -4.98   11.74  
7.63    -13.99  7.61    -1.82   -5.33   5.79    -15.03  0.56    -3.85   -3.46  
-9.63   -1.89   -8.04   -9.04   -2.31   6.78    4.24    2.66    1.77    -7.42  
3.12    -20.32  3.32    2.29    9.83    -3.93   1.32    0.72    -1.63   -0.06  
12.92   2.35    3.15    1.93    9.42    2.70    26.76   19.88   23.74   -2.44  
-8.87   -2.45   5.71    -12.57  -11.69  0.04    4.18    13.78   -8.41   10.34  
4.10    4.94    -11.30  -3.46   2.01    -11.97  -4.58   2.68    -3.42   7.29   
-13.19  -2.84   -0.55   -1.08   -5.17   2.64    4.58    -2.80   8.19    -9.54  
8.72    3.61    -2.19   -0.57   6.91    1.74    5.62    -7.81   4.61    -2.31  
-7.28   0.99    0.16    2.09    -3.30   5.92    1.60    8.63    4.70    -9.35  
-8.11   -12.37  4.46    -7.05   -4.98   -11.07  -1.36   -2.65   7.68    -5.94  
11.67   0.64    -0.16   -7.51   -4.82   -2.61   -8.50   11.01   5.22    1.70   
6.42    -8.82   -1.55   -6.67   -7.56   2.59    4.78    -1.02   6.45    0.56   
-7.11   -0.68   -9.28   -1.50   -1.18   -4.83   -11.26  -0.49   -4.79   5.83   
-1.74   -5.03   -0.27   -0.86   0.65    1.55    3.39    -1.44   -0.11   7.77   
-19.03  -17.62  -0.37   -1.67   -1.89   -1.66   -0.85   2.48    -2.39   -10.38 
-4.43   -16.45  -1.25   -14.62  4.84    -13.37  9.01    -6.17   -10.77  -8.54  
3.73    3.18    -7.22   0.66    -2.25   -3.43   4.62    -4.60   -2.12   -0.39  
-9.66   -13.27  -4.66   7.88    -2.43   -2.82   17.25   -8.73   -0.93   -4.74  
-7.25   1.66    -5.64   -0.27   2.43    -6.80   1.24    -7.32   -1.02   1.63   
-5.86   -6.64   2.53    2.75    -12.52  0.59    12.36   4.79    -4.16   -2.43  
-10.29  4.74    10.44   24.13   9.34    -21.15  24.73   5.80    16.37   3.79   
-9.62   -2.97   6.24    -3.79   7.24    8.15    15.91   5.27    23.10   -6.69  
2.18    9.75    -5.46   -7.58   1.52    -1.64   -4.19   -0.28   -1.26   -0.68  
-7.26   -5.22   -9.79   6.45    -1.52   -5.16   1.34    -5.61   -13.03  -9.08  
-15.59  -7.58   6.09    -14.83  -6.53   4.08    13.11   -10.50  13.84   -5.17  
-17.73  -10.64  3.82    -4.11   -2.11   9.45    -17.72  -0.19   21.17   1.28   
-5.55   -5.01   7.66    3.16    5.12    5.90    1.08    2.71    2.64    -2.02  
10.29   1.21    4.27    8.19    7.60    4.53    22.02   10.07   4.06    6.69   
-3.13   -1.54   -6.08   3.34    -1.60   -0.36   0.23    2.90    -1.34   -3.14  
2.19    -1.79   -10.16  0.77    -14.26  0.93    -4.01   0.63    0.68    -10.59 
1.41    -2.49   -0.17   6.64    -14.06  4.93    6.41    3.60    -5.74   -1.88  
-15.35  -4.92   -3.24   3.65    -5.18   -1.20   0.10    1.54    -2.23   -2.37  
-6.51   -3.79   -0.13   -9.13   -10.91  -3.87   8.08    -2.66   1.89    -6.18  
-19.14  -8.15   2.32    -6.68   -11.21  -4.93   2.07    -2.78   6.80    -2.12  
-3.40   -4.66   -5.49   2.86    -4.77   -4.75   20.36   10.76   0.87    -1.64  
-3.96   -14.53  4.87    -3.44   -4.63   5.95    7.48    -8.74   3.43    -5.38  
-7.27   -9.28   -11.77  -2.81   -6.90   3.68    20.86   0.21    -5.35   4.43   
2.39    -2.92   -7.58   -8.46   -16.99  -6.72   9.98    6.67    2.09    6.24   
-0.82   -5.02   -4.40   1.72    -3.01   -2.30   1.34    -11.72  -0.13   -1.90  
0.63    -3.31   -5.50   -2.28   -1.18   -3.39   -11.71  2.49    -0.86   3.38   
-5.54   2.80    -13.21  -3.19   2.00    -10.24  -7.71   9.16    6.74    -8.27  
0.18    -8.73   -5.13   -4.99   -5.36   -10.64  3.16    -13.12  -3.49   0.93   
-4.61   10.87   9.77    -13.41  7.94    -3.47   12.67   -3.52   9.78    3.42   
-2.46   -0.48   3.04    -4.03   4.51    6.46    -3.20   -3.54   -1.53   -4.30  
1.93    2.17    -8.42   2.75    2.56    -9.49   1.19    -6.45   1.89    -7.15  
-2.94   -7.08   -2.37   3.72    -4.12   -4.48   1.71    -10.09  -1.99   -3.02  
1.67    5.56    -2.13   7.32    -0.92   -11.29  20.73   11.32   11.99   12.02  
0.67    -6.35   -13.86  -9.71   -13.48  6.12    3.88    -9.86   -10.24  -2.48  
-0.12   7.29    -3.28   -1.86   -6.40   -10.07  -10.78  1.13    -1.40   -1.40  
5.42    6.07    1.04    1.73    2.51    -11.05  -5.36   5.15    -0.26   3.19   
-9.22   -2.60   -9.79   -9.44   -6.61   9.10    11.93   8.33    -16.21  -1.98  
3.92    5.13    -10.99  -0.52   6.37    -2.59   -7.20   3.64    -4.55   3.88   
-6.52   -1.93   -1.14   -2.27   7.66    2.06    15.42   -8.07   -13.06  10.58  
-0.28   -3.53   0.36    -10.52  19.00   0.56    0.48    -0.24   -9.62   -0.61  
-13.99  8.66    -0.88   -1.77   3.56    8.47    1.80    7.39    -9.77   4.67   
-4.19   -0.32   5.67    -6.33   -4.65   -21.02  -6.08   -8.81   2.02    1.71   
-6.64   1.77    4.38    -11.20  -2.31   0.78    9.42    -4.25   -4.78   -10.40 
13.54   1.42    -4.84   -6.15   -7.71   4.00    -6.47   17.32   10.44   -9.19  
5.29    -18.86  -3.42   -1.08   -0.59   20.13   9.51    -3.47   1.01    4.99   
-13.62  -1.02   -14.05  -1.83   4.05    3.10    1.36    0.37    2.65    -5.07  
1.68    -13.96  -1.57   9.97    -2.44   -4.16   0.88    -3.02   -1.24   -10.76 
-14.91  -15.49  -2.77   3.46    -0.27   -6.05   -8.33   18.87   0.06    5.84   
-8.05   -0.71   0.13    -2.39   4.53    9.17    22.52   6.02    14.11   0.44   
-5.28   -5.30   -19.23  8.82    8.27    -9.68   -8.02   4.79    7.15    2.37   
-0.55   10.97   -3.01   5.03    2.63    3.21    -6.91   6.64    -5.70   6.68   
-3.24   1.28    -1.25   2.81    -4.04   3.56    5.65    -6.06   -9.97   0.28   
1.53    -0.50   -4.69   17.66   -15.04  -3.83   -7.91   10.27   18.92   2.77   
-11.67  -5.17   14.49   -6.07   2.83    -2.89   7.59    -12.69  -5.66   -11.73 
12.33   -3.23   -6.03   -0.52   -13.46  -5.64   0.44    -2.20   -9.95   -14.16 
-0.62   -9.47   1.50    0.58    -7.43   -4.44   9.25    -0.82   -11.81  -5.77  
0.52    3.29    -16.69  -6.40   3.94    -17.42  -9.51   -1.71   5.16    -6.06  
2.53    0.11    -1.42   -0.32   -4.46   -3.08   -1.93   3.28    -0.22   -9.19  
-4.13   -2.72   -5.83   -5.34   -5.87   3.19    7.54    2.72    -5.56   1.64   
2.27    -10.29  -0.22   -9.94   5.48    -6.17   -2.78   -4.06   1.67    -6.79  
-1.40   8.52    -10.22  -2.83   4.74    0.18    -1.55   -6.16   -8.39   1.10   
-4.36   -5.30   -6.83   5.04    -8.16   6.54    4.25    14.47   -4.90   6.29   
2.07    -16.03  6.32    -4.87   0.19    -16.25  -6.93   -3.24   -12.74  -2.70  
-0.64   -0.42   -14.14  6.29    0.75    -5.60   11.83   8.08    -0.98   15.84  
-6.09   8.85    7.87    -2.05   8.46    -5.32   4.54    1.25    -11.68  1.06   
-8.29   4.81    20.15   15.24   11.17   7.73    -3.92   -8.54   -9.44   0.25   
-6.37   -0.13   2.43    -4.20   0.27    -11.53  16.27   7.68    -2.61   -0.81  
6.69    6.08    -3.55   -0.73   2.97    -4.53   -6.87   1.99    0.40    2.87   
-8.08   -10.07  3.98    -1.28   -1.89   -1.37   10.63   -10.23  -0.96   1.75   
-3.97   -1.58   -8.97   1.63    -7.20   -4.58   -9.99   -14.02  4.56    14.41  
2.42    -0.88   -5.50   -0.90   -5.72   -3.47   4.22    -3.82   -1.66   8.55   
-7.80   -2.02   -3.51   -2.53   13.41   -5.01   -15.87  -2.41   11.77   1.27   
-4.55   -16.49  2.72    -3.54   8.12    -6.85   17.89   -3.71   -19.75  2.81   
-9.51   8.22    7.64    -9.05   14.95   -18.74  -1.35   -10.43  -11.23  13.62  
-1.35   -1.57   7.79    5.47    7.41    -4.45   8.81    3.65    -1.74   -1.90  
-8.58   -5.57   -7.52   -8.00   -0.39   -4.36   2.89    3.64    -21.23  12.08  
-0.35   10.70   -19.27  1.24    0.45    -1.42   6.54    3.43    9.52    9.04   
6.59    -3.45   5.97    -0.40   0.25    -14.34  2.61    -2.48   -14.06  2.89   
-6.58   1.69    -2.91   5.53    -0.15   7.10    6.91    12.86   -7.33   5.50   
3.17    1.70    3.49    -0.35   -0.08   2.45    -1.74   0.44    10.81   -19.70 
10.37   5.89    2.38    -3.82   -9.94   3.62    -6.24   2.69    -5.30   -2.40  
-12.91  -12.45  7.76    1.22    -2.78   -3.91   3.21    -8.14   -11.82  -8.31  
-3.35   -8.86   -4.86   -4.89   0.88    -4.47   3.05    1.48    11.58   -4.75  
6.76    -18.94  -6.32   -15.13  2.50    -6.08   5.86    1.60    1.19    -1.89  
1.43    5.14    1.04    2.93    -0.84   0.45    -5.40   -2.73   -5.47   -2.41  
1.79    9.71    -5.12   -5.01   0.23    -4.88   -2.35   0.33    4.31    9.22   
3.24    13.30   -9.86   -4.98   -2.00   -8.41   -2.94   -3.65   -2.72   2.33   
5.91    3.69    -3.61   -1.77   5.88    -8.15   -3.74   0.34    -5.05   7.76   
-6.81   -9.27   -12.09  3.34    -3.23   -5.99   -11.28  -3.73   -2.58   -7.06  
-1.50   -4.95   -5.94   -12.91  -7.53   -9.83   3.59    3.52    10.58   -4.34  
-10.83  -12.04  -13.48  -1.79   -7.74   -9.81   4.11    -15.41  12.87   -11.91 
14.09   1.41    -4.88   -2.98   -0.81   4.40    12.43   -7.29   -16.32  1.91   
-0.90   6.82    -10.07  -3.43   2.16    -2.34   -6.19   -2.10   -0.50   2.31   
9.83    5.61    -5.39   -2.15   3.70    -8.01   -11.43  -2.39   0.07    -2.26  
-12.41  -1.22   -4.03   1.14    2.20    8.16    2.05    13.56   -10.57  8.30   
5.03    -3.68   10.15   -6.15   0.24    8.88    4.41    5.83    -4.44   1.01   
5.25    7.93    1.18    -15.85  -8.46   6.36    2.38    -9.81   1.41    0.50   
-2.16   -3.65   4.05    -12.11  -5.29   -1.39   -0.27   9.54    -15.51  10.53  
-12.28  -5.03   -6.23   5.91    10.28   -3.94   1.18    -1.21   -13.28  1.29   
-10.09  -6.18   9.78    -2.92   0.13    -0.87   4.32    7.52    -21.25  5.60   
4.69    -1.09   -8.96   -6.52   -3.31   3.82    -10.90  -2.36   0.55    0.32   
-4.40   -0.30   -3.60   -5.84   -5.70   -3.80   14.32   -2.52   -2.30   -7.81  
1.68    -7.70   -8.61   -5.34   -11.04  4.03    20.33   12.08   6.07    -0.50  
-3.48   -2.89   10.77   -11.53  4.48    7.24    3.05    12.51   -5.88   0.70   
-7.17   -8.81   -0.90   7.64    -4.71   17.56   7.24    1.67    -0.85   5.87   
4.45    5.10    3.69    1.39    4.87    -3.04   9.55    3.05    -6.40   12.54  
-5.54   10.78   -4.61   -0.93   -1.85   -7.20   -6.15   -1.99   6.94    -0.68  
-11.64  -2.27   -11.25  -1.45   -4.12   12.64   12.79   2.09    -7.34   10.29  
-6.56   -10.79  4.61    -1.36   -6.01   -0.82   16.41   -0.31   9.00    -4.15  
-4.09   -2.35   7.40    -3.79   -0.33   -0.39   -1.08   6.84    23.80   -3.69  
-6.09   -4.64   -18.01  -1.04   -0.41   0.26    11.35   7.11    -3.39   15.69  
-16.61  -5.65   18.26   -2.15   -2.76   -10.60  5.58    10.00   8.14    0.74   
-9.86   -16.87  -5.67   16.94   -2.43   -7.91   0.50    0.98    2.39    -4.27  
-0.81   -8.92   -2.13   1.37    -1.86   -7.59   -3.55   3.65    -10.21  -4.81  
-6.03   -3.45   -2.27   -0.30   -4.02   -4.01   -0.34   -10.24  5.37    -6.28  
-4.12   2.25    7.99    -1.03   0.75    -3.73   -4.21   -7.15   -15.22  2.40   
0.45    4.61    6.05    0.44    -7.69   -0.48   -5.48   -7.87   5.58    9.61   
2.82    -17.72  12.85   -2.18   2.72    -8.97   -2.85   0.27    8.27    -3.42  
-22.95  -9.38   2.20    1.40    17.65   -2.60   1.42    1.98    -3.24   -5.68  
0.44    7.58    -4.82   -4.17   0.85    -1.68   -7.43   6.20    -4.23   6.08   
-5.68   -6.06   -0.11   3.91    -2.74   -6.74   7.56    -5.71   2.11    2.57   
-1.16   1.29    -9.80   -5.43   -2.34   -4.22   -7.12   6.49    1.08    2.13   
-6.60   -1.14   3.66    -1.15   -10.26  11.23   4.87    -9.06   -5.77   -8.72  
-1.36   -11.28  -1.91   0.09    -0.34   -4.23   -4.97   -4.66   3.04    -1.61  
4.44    1.74    -0.22   7.56    12.52   -8.69   -0.65   -6.95   10.66   2.98   
-6.01   -9.47   -4.41   -3.24   4.35    8.07    -10.06  3.84    -14.00  3.39   
0.70    -11.45  3.73    -1.85   -12.96  -6.97   3.35    -1.96   -6.24   3.41   
2.28    9.03    2.34    0.09    -9.95   -6.22   -10.79  0.84    -1.45   -9.68  
5.75    -1.06   7.64    -2.88   -7.15   -0.92   2.28    5.92    -2.54   13.74  
-3.89   -12.11  -1.94   -4.69   7.20    0.45    4.68    -1.22   5.13    -4.58  
0.70    -2.95   -0.05   -7.06   -7.64   -6.32   -5.62   0.83    2.57    -1.47  
-5.76   0.96    3.20    10.64   12.18   -4.72   5.03    9.49    3.85    9.51   
8.55    1.77    -10.74  5.15    10.44   -14.80  15.48   7.29    -4.58   -4.10  
0.08    5.19    -3.22   6.87    6.33    -9.24   24.38   -0.94   11.39   -9.92  
2.98    -2.82   -9.36   0.38    5.70    -14.01  2.88    -2.44   9.02    8.94   
-0.50   8.41    -8.69   -0.24   1.98    -16.21  -1.48   -8.30   -9.65   4.90   
1.10    3.32    -3.68   1.64    6.46    -9.38   -13.01  -1.43   -4.93   7.46   
3.24    9.93    -4.73   -3.44   6.72    -0.35   -4.49   3.43    -1.79   7.71   
-2.29   -5.72   -2.91   -1.60   20.98   -2.98   14.03   0.42    7.54    15.55  
-15.28  -4.13   -1.70   1.56    -15.70  4.50    3.60    5.26    2.06    -3.23  
-6.21   10.03   0.48    -5.09   -2.36   -0.58   -1.97   8.02    2.30    0.10   
-6.85   -5.74   -1.76   3.16    -11.44  -4.66   -3.96   -0.96   0.52    -7.72  
1.16    9.70    -1.63   0.60    0.70    -1.52   -9.52   -3.39   1.72    -0.80  
3.20    5.52    -5.77   -4.56   -2.93   1.87    -6.10   3.61    -14.32  -1.24  
9.03    10.12   0.14    -7.73   0.69    9.82    -8.40   -0.23   2.37    -11.52 
-0.75   2.80    -6.60   -3.29   13.13   -1.36   -6.92   -0.91   -1.62   3.56   
5.62    -8.51   4.97    -6.67   -4.37   -2.64   -2.54   8.25    -4.56   -1.89  
-0.04   0.06    0.86    6.69    -5.65   7.59    14.35   3.46    4.04    1.59   
3.31    7.36    -6.95   0.20    5.36    -5.72   -5.82   0.62    -5.45   -0.80  
11.60   -8.65   -3.36   -5.74   10.23   0.24    -1.86   2.24    -12.87  6.12   
0.36    11.05   -6.79   1.94    2.08    -10.77  -9.56   -0.49   -5.21   0.31   
-10.37  -20.49  6.85    1.32    -0.06   -0.55   15.60   -1.02   5.30    -3.44  
-2.41   5.59    -5.97   -4.38   2.87    -4.17   -7.28   -3.46   -0.92   7.30   
-14.27  -3.66   -6.79   2.52    -4.43   -13.83  -1.52   -16.43  7.05    -5.23  
-4.79   -4.14   -8.05   4.02    0.15    6.58    12.27   -7.17   9.30    0.20   
-2.60   10.49   9.24    -7.31   1.49    2.23    -5.77   -3.16   2.52    -10.69 
-2.68   4.08    8.16    0.35    8.36    0.80    2.09    9.00    -1.60   -10.52 
-1.50   9.39    -5.89   -6.47   -3.36   -2.25   -5.20   1.11    -5.49   3.13   
-1.77   17.92   7.04    -11.89  3.78    0.07    5.46    1.29    6.14    -6.22  
-8.28   -14.04  -16.88  12.57   6.45    6.76    -23.59  1.39    14.05   -3.55  
-8.58   -2.66   8.84    -3.52   -11.13  -1.24   8.87    -10.53  -11.61  3.69   
-17.55  -7.74   0.80    0.34    3.15    -5.29   4.77    -6.26   5.42    -8.93  
-0.16   2.60    -0.73   -7.63   -4.24   -5.30   9.36    -2.33   -15.97  6.13   
-17.23  -5.90   -2.19   -0.94   -3.52   2.17    5.02    -2.48   -8.74   -3.00  
-0.25   3.33    -1.23   -10.16  -5.98   -0.90   4.81    7.17    4.89    -1.34  
-12.55  -7.68   7.10    -10.58  -15.61  9.82    14.75   3.48    5.67    -0.30  
-9.54   -1.43   -5.18   -4.79   -5.43   -3.26   -16.97  -17.07  10.49   -6.98  
-6.51   -12.27  9.34    3.46    -5.13   4.22    4.28    -4.79   -15.69  8.01   
7.54    -5.10   0.65    5.87    1.63    -6.44   -0.87   1.49    0.79    -9.85  
-4.90   4.91    -5.53   3.95    2.51    -7.53   -3.31   -2.66   2.16    3.06   
-13.43  8.12    1.94    -1.85   -0.15   -16.67  -16.26  -9.94   -0.22   -4.33  
-10.17  -16.83  3.31    -5.00   -5.65   -9.19   7.08    0.34    -5.83   -12.17 
-0.56   -3.78   2.52    -15.25  -7.41   -0.89   19.28   -6.50   -0.52   3.90   
3.60    3.99    6.81    -13.85  2.77    2.80    1.97    -3.81   14.19   5.50   
1.04    -17.48  -1.52   -3.38   2.06    -3.04   -12.27  -16.52  7.17    -14.04 
-7.86   6.27    -4.15   -5.19   -1.71   -1.80   -12.65  2.38    3.05    -7.36  
0.83    1.07    -6.54   1.62    1.49    5.99    5.96    6.80    -4.92   -3.46  
-7.47   -5.28   -7.91   -4.62   -1.24   12.02   3.22    3.01    -10.84  -0.48  
8.76    0.91    -4.92   -0.75   2.76    -9.60   -9.39   -9.67   -5.69   6.08   
-2.19   -5.20   -18.92  -2.80   -4.82   5.57    3.21    -11.80  -1.23   -5.03  
-5.30   -7.97   -6.11   -6.92   3.30    7.59    -8.87   -5.10   0.97    -8.04  
-14.98  -1.19   2.12    -13.87  -6.99   -5.60   -4.25   -5.62   -14.67  -4.56  
5.43    9.15    -11.31  -4.29   7.19    4.10    -8.99   1.09    -2.33   1.71   
-8.71   -4.98   -1.20   -5.70   -0.12   9.79    19.16   -9.86   -11.46  -2.59  
-1.77   -8.17   2.59    -9.87   -8.67   -1.63   0.46    -12.02  6.65    -2.17  
1.62    -2.77   -1.69   -0.01   -2.68   3.03    -10.58  -0.16   -21.85  -2.21  
-4.09   10.08   -1.01   -2.59   -7.29   -4.43   14.25   -1.53   2.64    3.09   
-6.54   4.20    -4.94   -1.85   -0.73   5.23    -8.51   3.29    4.73    -7.49  
9.66    -1.16   4.85    -2.69   9.28    -6.66   -4.91   -4.15   -5.95   -3.03  
0.60    2.17    8.58    0.79    -3.36   8.53    8.63    -5.38   -2.05   8.96   
-4.49   -7.56   -7.38   13.86   0.20    14.85   13.60   5.76    -4.65   -6.33  
8.53    7.30    5.19    -14.96  -8.93   -1.12   3.04    8.18    -9.76   12.65  
2.59    1.33    -9.44   -3.57   -8.29   -6.79   -0.26   5.29    -6.44   -16.26 
-2.37   -2.89   8.20    2.66    -12.40  7.41    10.21   4.51    -12.56  7.37   
7.34    -18.22  -2.98   3.97    -2.67   -6.68   1.16    2.51    -5.94   -10.35 
3.54    -2.30   3.37    -5.79   4.28    -2.19   -3.21   2.71    -0.89   3.97   
-2.57   -5.25   -6.18   -16.41  -6.10   -7.89   -2.91   -11.37  -2.45   -2.99  
1.43    5.21    -2.19   7.21    4.49    -7.77   0.45    3.65    -4.25   3.91   
17.97   -1.67   -1.55   0.52    4.87    3.81    11.81   1.64    -0.22   -2.65  
3.71    5.77    3.54    11.57   -5.80   -2.95   12.95   6.67    0.71    3.45   
-0.83   -0.78   -7.05   3.32    0.13    -6.91   -3.03   1.97    0.56    5.78   
-11.21  -2.27   -12.49  -4.80   7.67    10.13   -4.06   -4.21   12.93   -11.84 
4.07    -2.87   -5.81   2.02    -3.18   7.24    7.95    8.90    -13.87  9.47   
-4.46   -0.10   2.00    -2.14   0.94    9.67    2.49    4.79    -11.00  9.54   
-11.23  3.93    -2.16   1.36    -0.30   14.16   -0.36   -1.45   6.96    0.28   
3.03    -7.89   6.34    -2.02   -4.53   3.65    8.74    -0.74   4.93    -10.22 
6.97    1.09    15.72   -0.85   10.87   -3.05   -10.91  4.77    2.82    -4.74  
-12.67  4.20    2.21    17.33   3.61    5.21    -1.09   1.17    13.78   0.74   
-4.07   -18.24  -12.77  2.19    -4.40   5.20    4.42    -6.82   -1.57   -2.03  
13.49   11.18   -17.97  0.55    2.16    9.00    -7.65   5.11    -10.36  19.04  
2.73    5.48    -8.43   -7.27   -2.06   -5.16   -4.31   -0.60   -0.91   8.02   
-8.36   -9.36   -3.20   4.01    1.50    3.52    7.14    8.48    -9.28   1.96   
-5.01   -1.61   3.09    -5.89   12.10   -10.51  2.20    -3.56   -10.79  6.32   
-0.28   -3.53   6.02    -8.88   -1.68   4.69    7.29    -2.77   -8.39   17.92  
-6.19   -1.56   -5.74   -0.57   -8.66   -1.74   -0.30   -0.49   8.86    -5.05  
-3.08   -5.74   -0.82   2.02    4.22    -3.94   4.45    -5.10   -0.11   -7.79  
-5.85   -5.40   10.96   12.29   -14.62  -2.10   6.86    3.16    3.40    -5.32  
-7.55   -13.48  -13.24  -3.17   5.02    6.25    7.26    -3.88   8.01    -13.54 
8.36    -4.05   -2.08   -5.95   0.13    -2.37   0.99    6.69    -4.90   0.09   
0.23    6.93    -9.08   -1.07   -0.89   -11.14  -1.67   0.81    -3.25   -1.56  
0.25    5.22    -7.65   -1.67   1.00    -0.47   -1.07   3.48    -1.49   1.56   
1.62    -8.17   -2.08   -4.19   1.67    -2.80   -2.98   4.13    -2.46   4.22   
-0.71   2.75    -6.96   -4.26   1.83    -7.59   -8.16   -3.58   -2.68   4.62   
-6.41   -13.65  -2.33   -11.82  -7.90   3.31    3.22    7.53    -1.74   16.51  
3.28    -5.68   -0.10   -0.14   0.13    -8.28   -0.77   4.71    -8.33   1.80   
-5.55   -18.31  -3.73   -7.33   4.75    0.07    3.87    -3.10   -5.90   9.41   
6.19    8.13    -2.90   -2.71   1.54    -6.28   -9.50   3.09    -9.16   0.04   
5.45    -3.51   3.69    -3.02   -7.80   -5.34   -0.06   9.48    -0.88   -8.44  
-7.25   -3.00   -12.53  6.78    -4.94   -4.51   -12.83  5.76    8.68    -1.51  
-2.94   -9.40   -3.54   -6.85   -15.40  0.60    9.02    -4.05   5.47    -2.87  
-3.06   11.09   11.57   -10.14  12.78   -11.81  4.79    2.31    0.28    -0.83  
2.72    3.82    -8.93   1.11    5.69    -6.20   -6.17   1.85    -2.75   3.38   
-7.08   1.34    -4.12   0.64    3.12    -8.52   -12.14  -9.11   -6.26   -10.71 
-6.35   0.71    1.55    -13.82  18.47   -9.07   17.33   -4.90   -28.02  13.92  
-1.77   7.87    2.38    -8.05   -2.33   -11.43  5.42    -3.77   3.99    2.22   
8.98    6.37    -2.52   -0.41   0.19    14.28   14.18   -1.08   5.68    5.80   
-17.72  9.07    1.15    7.51    -4.64   -0.51   -5.94   0.67    -3.31   -9.72  
-2.72   -2.25   -3.28   1.18    -12.46  -3.82   -0.82   -0.30   1.20    -2.57  
-4.50   2.72    -0.76   -1.09   3.84    -4.01   -4.18   0.49    1.34    5.04   
1.19    2.75    -6.07   -0.88   8.36    0.35    -12.65  -2.02   -3.82   4.47   
-2.06   1.35    13.47   0.15    -5.26   -7.64   1.71    -1.40   5.74    -14.04 
-6.65   13.27   10.49   -2.15   20.22   -4.47   3.31    -1.80   7.74    0.42   
-6.34   -0.01   -12.73  -8.70   5.46    -6.44   15.54   0.55    -3.92   7.81   
4.42    -6.96   -10.60  1.69    -11.28  -1.00   -2.93   -4.38   -2.01   -7.89  
11.74   0.34    7.47    -18.05  -1.46   7.73    3.25    3.40    15.21   0.16   
-14.86  -16.89  8.64    2.58    -3.95   4.37    3.10    -5.61   -0.06   -6.55  
-14.15  -12.52  -1.00   8.03    -5.34   1.66    -6.73   -3.52   12.23   -7.48  
0.45    3.54    -4.97   3.80    -2.18   -7.59   -5.01   -5.18   2.24    7.59   
0.70    7.96    -5.62   -0.38   4.55    -14.66  -5.01   -6.35   -1.32   4.59   
3.43    2.50    1.95    -1.47   -0.49   -8.32   -9.38   -5.57   -10.44  -5.13  
-11.88  -4.48   -2.40   -5.00   0.33    -14.50  -4.72   2.87    2.31    0.76   
-23.54  20.96   -5.65   -7.86   8.93    -4.46   12.41   0.18    0.79    2.15   
-12.99  2.55    -3.49   8.67    0.76    0.10    10.16   15.39   -1.09   -6.62  
15.21   -7.02   0.34    -7.24   2.43    -3.16   -3.85   -5.96   3.43    -2.93  
2.63    -7.98   0.36    4.81    -5.05   -16.68  -21.63  -8.03   -21.42  -4.09  
-9.00   -2.52   3.02    3.30    2.80    14.46   7.23    1.55    -4.37   -4.57  
2.94    -19.81  -0.22   0.94    -7.12   -8.55   5.14    -15.99  4.80    -5.67  
-11.02  -14.84  -10.61  -3.46   -6.44   6.55    15.36   9.63    1.12    14.09  
-8.41   7.41    3.70    2.48    5.33    -8.66   -1.49   1.99    -9.19   1.21   
0.14    7.46    1.97    3.62    -7.52   4.05    13.59   -3.26   9.62    -8.24  
-9.78   -13.29  6.11    1.28    -12.34  -12.65  -0.78   11.92   1.12    11.14  
8.09    2.43    -5.55   2.25    3.87    -3.32   -0.45   -2.38   -4.83   9.04   
-2.58   -1.88   3.40    0.57    -3.50   3.30    8.50    12.91   17.09   -4.05  
5.78    10.46   -11.69  0.43    1.19    -5.90   -5.55   -2.47   -6.83   9.16   
1.12    -0.99   14.68   -7.46   -15.06  -5.97   -4.79   7.10    -11.76  9.72   
17.22   0.65    0.68    -2.95   -6.31   1.70    0.26    7.02    3.96    -4.10  
-5.49   -7.30   -3.05   1.83    -0.83   -1.82   -2.09   2.35    2.37    -4.78  
14.80   -3.42   5.79    1.05    2.53    7.71    -9.84   -15.99  -5.61   -3.52  
-8.11   -10.66  -7.43   -9.64   0.74    3.20    -26.90  -5.60   11.18   -4.65  
6.39    8.70    -3.90   -4.40   -1.70   -9.34   -6.36   -5.27   -8.01   -2.74  
-11.63  1.81    -16.12  8.65    0.45    -6.43   -8.14   3.72    13.35   -7.25  
-2.31   1.92    0.65    -12.13  2.25    -1.56   10.14   -4.06   -20.89  4.88   
14.15   7.71    -1.71   0.11    -12.00  3.98    -7.78   -4.61   -15.67  9.81   
-2.72   -2.77   6.50    21.71   6.16    -2.27   -0.29   -12.78  -8.30   12.46  
-7.76   -3.84   -5.28   -4.02   -8.86   -3.14   -0.39   -9.87   -3.64   5.33   
-4.25   1.92    10.25   7.51    -2.80   -12.13  9.75    9.41    7.35    -13.94 
3.59    2.03    10.18   -2.84   -4.07   7.80    -6.71   -8.29   -5.12   -11.01 
1.26    3.27    -1.70   -12.53  7.94    4.64    10.43   1.62    3.20    -9.41  
-7.64   -6.72   -0.72   2.01    -7.68   -5.86   11.69   -8.46   1.86    -3.73  
15.19   -3.54   8.14    0.73    -8.94   12.84   -0.13   -3.92   1.67    -5.29  
2.01    8.67    -10.47  -1.41   -0.81   -6.06   -2.57   -0.12   -1.54   2.22   
-9.41   -6.78   -5.35   3.81    -6.22   -0.84   0.96    -7.80   5.00    6.81   
8.06    -4.12   2.35    -7.21   -8.38   -10.00  11.87   -2.78   -4.18   -5.15  
-3.00   4.15    -6.88   3.93    -2.32   -5.53   -4.71   1.01    1.48    5.49   
-15.06  -10.31  -1.54   0.11    3.28    3.01    3.21    -0.87   -5.77   1.12   
-6.55   -7.98   -6.76   6.90    4.28    -8.29   -3.68   0.80    11.06   -8.48  
-6.70   -18.58  -5.19   4.18    -0.59   -11.11  10.36   -1.62   -1.13   1.18   
-0.93   -4.44   -7.46   -8.87   -6.72   2.25    -10.94  6.43    -0.47   3.72   
-1.93   -1.33   -0.40   -14.02  -12.52  -0.26   -16.66  8.61    0.46    10.64  
-11.49  -4.76   1.11    -9.24   -9.02   -5.32   2.11    -5.16   5.45    -1.76  
-4.56   -6.39   2.99    2.41    -6.47   -9.96   -1.86   -1.35   -2.53   0.60   
-4.87   -12.42  -8.92   -4.33   6.16    -5.25   -9.95   0.01    -3.09   0.31   
-10.21  -6.92   -9.28   1.07    -5.42   -2.99   8.71    -10.64  -5.88   2.35   
2.05    9.29    -8.39   -2.34   -0.58   -3.43   -10.82  -0.51   -4.63   7.84   
-9.36   1.84    -7.55   -5.20   -1.88   6.28    -8.72   -3.67   -7.56   7.31   
-2.49   -5.50   7.07    -5.29   16.81   -13.95  5.23    -8.23   -10.69  5.15   
-5.18   -6.16   -3.40   2.80    -1.29   7.96    8.14    2.84    -5.98   2.11   
4.58    6.35    -5.76   -3.44   -7.67   -0.18   4.37    -1.15   -9.90   -5.71  
-0.46   -3.96   1.05    -9.16   -7.72   2.07    9.32    9.93    -6.78   3.22   
0.28    -4.31   -10.67  0.95    -2.18   -7.47   -9.12   4.66    -2.52   13.62  
0.30    8.63    -2.52   9.03    1.63    -3.82   -2.23   -5.08   -6.29   1.91   
2.13    0.96    -10.26  -6.29   1.75    -4.35   -6.90   -1.18   -8.64   -7.36  
-9.83   -8.46   0.64    -3.18   0.21    -10.47  18.34   -1.08   -0.69   1.48   
-10.60  -10.89  5.24    6.64    -10.05  -5.07   15.80   0.24    2.34    -6.89  
-10.39  -10.93  -3.66   15.47   -7.33   -2.41   -10.06  -5.12   -15.54  -4.76  
-4.42   12.90   13.85   4.44    6.24    5.33    5.49    -1.46   -1.70   5.06   
-4.37   0.27    6.37    5.45    -5.14   3.80    3.74    -13.01  0.93    1.79   
-24.66  -13.44  7.78    -10.95  -11.79  2.10    -8.79   -14.86  10.64   0.19   
-8.61   -17.79  3.46    -7.41   2.94    -3.76   7.02    -10.57  1.45    -4.18  
6.45    4.01    11.52   7.00    -7.53   -1.24   5.10    -0.85   7.08    -1.39  
-7.38   -10.43  3.24    -5.77   1.21    -7.26   6.43    -0.81   -4.80   0.49   
-2.83   -4.98   -4.34   -5.88   -1.04   -2.00   5.52    1.96    -8.20   10.70  
-8.66   -9.97   -8.94   13.55   -2.50   -0.21   9.18    4.39    -8.49   0.99   
-8.08   0.62    -7.83   0.55    1.60    7.49    8.09    4.54    -8.36   9.30   
-3.71   -10.13  0.52    -7.05   0.12    -15.98  -20.73  -18.93  -5.17   -16.65 
0.47    -11.50  -6.90   2.49    6.06    5.44    -1.37   5.71    8.64    -8.74  
-2.76   1.41    -5.57   4.05    10.36   -9.22   1.36    -1.53   -1.35   5.50   
-12.65  11.48   4.59    -5.54   -8.75   -0.83   -7.37   6.39    -3.13   -12.13 
-5.01   -17.28  -3.33   13.63   -5.31   5.38    -2.88   -11.33  -11.18  -3.27  
1.29    5.74    -4.65   -2.70   4.64    -2.31   -9.49   -1.91   -9.95   0.41   
-13.18  -4.91   -0.64   0.73    -0.64   -8.84   -26.09  -17.31  6.99    7.80   
-2.73   4.46    -5.52   -1.23   2.52    -1.76   22.70   13.10   1.32    -3.37  
-3.65   3.35    -7.37   -2.83   1.53    -5.80   -7.09   0.74    -4.91   -0.52  
-3.21   0.83    -9.19   -6.63   -5.34   -4.60   5.67    -1.66   -14.52  10.96  
-7.49   -5.41   -3.79   2.48    -11.80  -0.29   12.31   -4.86   -6.61   -12.34 
-13.81  -15.41  -0.18   -1.61   1.12    -2.46   3.61    -11.06  -8.56   1.54   
-9.54   0.86    22.35   -19.63  10.63   2.60    13.31   -13.93  1.63    5.09   
-5.74   -19.44  2.70    -0.11   -1.64   2.89    9.01    -14.13  3.05    6.38   
8.65    8.70    7.22    -21.91  15.28   1.18    -3.82   -13.31  5.42    1.09   
-10.35  -9.85   9.74    -0.97   5.63    11.54   -12.06  -0.19   -0.87   -11.23 
-13.19  -16.00  -7.33   3.32    -15.55  -3.82   -7.73   -0.44   -10.07  -6.57  
7.27    7.60    -7.00   2.99    -6.59   -8.02   -3.00   -6.77   1.91    0.12   
1.55    -5.93   0.60    -7.21   4.45    -3.04   -13.98  -2.59   0.19    -15.67 
4.37    3.67    -2.65   5.81    2.27    7.62    5.53    -11.55  3.34    2.16   
-5.24   1.98    -5.37   10.55   -0.44   -2.36   5.34    -7.40   6.78    -7.85  
-5.67   2.70    1.33    0.34    -2.62   9.64    1.97    15.09   -7.71   5.19   
2.47    8.11    -9.34   -2.13   3.55    -7.26   -7.75   -2.89   0.75    0.15   
-4.47   10.82   2.01    -14.89  6.50    4.32    4.46    -11.39  -7.53   -2.71  
-3.89   0.07    -3.09   -5.97   5.98    -8.51   8.45    4.90    16.60   24.95  
-8.59   -9.99   -0.85   -6.09   5.44    -0.53   4.13    -16.39  -4.71   0.36   
-5.43   -15.23  -2.97   -12.07  -10.59  3.46    10.37   -3.85   7.52    -4.96  
-6.91   0.22    0.15    0.75    -1.27   11.99   -1.29   4.08    -14.04  -0.15  
10.14   -9.22   1.95    -4.79   18.91   -1.18   -2.71   -2.92   -7.22   13.22  
-15.17  -3.29   -1.68   3.24    -5.97   -2.10   14.27   -4.31   3.04    2.56   
5.75    -5.78   9.49    -10.80  -3.25   -0.66   7.10    11.64   14.85   -1.83  
-7.88   -3.95   -3.14   0.78    -1.88   -0.02   8.11    6.98    -8.71   -1.76  
-11.52  -13.47  -4.75   -0.11   -3.26   -4.63   18.76   -4.47   0.51    -5.88  
2.17    0.94    -2.04   1.31    -5.38   6.17    4.30    -9.17   1.64    15.42  
0.77    1.70    -6.16   -7.73   -2.58   -1.90   1.60    7.32    -0.18   -5.43  
-16.06  0.29    -3.80   -6.93   -8.32   -14.91  -5.56   -8.55   6.54    -6.97  
-8.55   -12.30  -5.90   -1.95   3.53    -1.38   11.91   4.19    3.19    1.93   
2.35    3.14    -9.40   -4.12   5.23    -6.71   -5.55   -0.13   -0.41   1.48   
-15.07  -5.90   -4.73   0.00    -4.84   -1.27   24.07   17.62   3.00    -5.98  
26.11   -8.14   0.23    -4.28   -2.08   -4.38   0.42    -7.49   -12.68  -0.31  
1.82    3.25    -1.05   -5.63   3.06    -5.16   -6.92   -1.15   -4.85   -1.81  
3.86    -9.84   3.95    -0.25   -6.13   -4.03   -2.91   -0.45   -15.81  2.72   
-11.46  -13.17  1.26    -7.93   3.78    -10.08  9.13    -12.02  3.44    -2.53  
-1.99   5.91    -7.26   -0.94   3.29    1.19    -7.19   7.88    -7.40   1.45   
-5.48   -8.31   -6.01   5.53    -11.31  -2.52   13.70   0.73    7.13    -13.26 
-7.08   0.94    0.03    -18.15  9.74    -4.91   2.09    -13.70  9.10    1.76   
-13.31  -12.49  -6.59   -6.95   4.54    -11.64  -5.83   3.94    1.86    -11.92 
-0.12   -0.62   -5.22   -8.13   -5.62   1.71    -1.24   7.15    -10.08  -7.26  
-8.78   -11.63  -0.01   5.16    -2.15   -11.25  -4.42   -4.87   7.94    -6.57  
11.73   -3.10   -4.84   -11.98  -2.11   -3.79   -1.93   -4.28   -5.41   -15.54 
5.71    1.44    -1.71   -2.64   -1.52   6.78    13.63   8.59    -5.67   -2.86  
-6.92   -7.41   -3.95   -1.79   -5.20   -7.83   8.05    -6.18   -3.61   -3.91  
2.42    -5.97   -9.83   7.53    -1.08   -0.32   6.02    -3.14   2.55    6.33   
8.73    -9.70   -0.36   -0.57   -8.43   2.78    -4.00   -14.97  0.28    2.00   
4.43    -8.07   -9.83   -11.74  -9.18   11.46   8.63    -1.48   -4.37   14.72  
7.69    -20.77  -3.88   -2.97   -4.30   9.21    1.14    2.35    -1.63   10.31  
-8.75   -8.22   7.71    -4.02   4.31    -2.47   4.02    -4.79   -11.44  -1.43  
-0.83   -6.62   4.74    -13.32  3.32    -0.23   20.25   -11.93  1.35    -8.09  
3.75    0.70    4.61    -10.12  -6.68   1.92    -4.89   8.40    2.43    1.10   
-12.33  -2.21   13.07   3.74    -0.86   0.59    4.79    -11.25  6.96    -13.38 
-2.87   -8.15   1.36    -3.53   -2.55   7.68    4.74    -7.62   -7.49   10.00  
0.41    2.41    -2.59   -5.02   -1.42   -7.05   -7.11   -6.93   -2.73   4.96   
7.83    6.36    11.37   9.07    -5.28   3.78    -3.23   5.52    1.11    -3.33  
-10.43  3.99    -1.74   -16.25  -0.89   -2.62   -10.27  9.44    -7.57   10.26  
9.56    3.15    4.38    -6.92   -11.26  1.96    -2.56   2.67    0.22    -9.44  
-15.30  -9.33   -5.88   4.98    -0.21   -0.58   -6.85   -4.98   -4.84   0.18   
8.85    -0.82   10.79   7.25    5.62    -5.64   -12.54  4.80    -12.87  -6.21  
-6.31   -3.46   -3.90   -3.66   -5.36   0.61    -1.69   -1.04   -4.27   -4.05  
-8.26   -3.86   -5.34   10.98   -15.85  -2.73   -7.57   2.72    1.95    -1.93  
-17.84  1.68    -16.94  3.72    -12.73  -2.43   -15.47  -9.09   5.11    -7.13  
-1.79   1.60    -0.49   -0.83   5.31    3.00    5.36    11.86   -10.07  -1.14  
7.72    0.60    2.55    -0.09   3.64    -3.42   6.82    3.41    11.61   -6.69  
-7.76   -6.07   -13.71  1.30    -9.50   9.04    -0.77   14.65   -8.54   7.26   
3.11    4.27    -7.38   -6.71   2.96    -5.30   -2.30   0.05    -8.59   4.09   
-1.33   -11.68  -3.54   0.22    -8.02   1.47    10.61   -8.53   1.76    -0.87  
7.28    4.37    -6.79   0.44    1.78    -7.84   -5.84   -4.44   -1.43   7.82   
2.13    1.41    -3.51   1.71    5.10    -8.14   -7.85   -9.18   -8.48   -1.75  
-9.75   -14.58  -0.54   -4.41   -7.71   -6.57   -0.82   -5.03   -6.26   1.44   
-4.98   5.67    9.92    -3.69   14.23   -1.62   6.84    -16.45  -9.04   -5.05  
-2.16   -0.56   -12.70  -5.02   -3.38   2.09    -8.94   -0.47   -2.28   0.10   
-9.28   -11.13  -6.41   -1.40   -1.91   0.16    20.60   -15.23  2.55    -3.02  
-15.92  -9.68   13.61   7.60    5.59    5.65    -12.29  -5.54   6.32    -6.00  
2.04    -11.06  4.12    5.60    -1.21   -5.72   7.68    -3.89   -7.97   4.06   
-16.27  -3.22   -4.24   -2.77   -0.47   -4.01   5.80    5.21    -14.21  1.99   
-7.30   -6.44   -3.75   -8.96   1.44    -0.75   7.28    -6.57   5.44    -2.92  
-8.36   -1.27   4.22    -1.26   0.18    -6.15   19.39   0.86    -9.48   2.78   
-6.99   -14.56  -2.36   -4.33   3.42    -5.31   -8.35   0.56    -8.25   -7.93  
-14.93  7.30    2.79    -0.02   6.42    9.72    -4.49   1.02    3.78    -4.98  
-3.79   0.38    0.16    -2.76   1.37    1.54    3.79    6.02    -6.81   0.32   
-1.13   6.06    3.03    -10.07  8.21    -0.40   6.18    4.22    5.12    -0.11  
-11.67  -9.64   -5.75   -10.33  -17.04  -3.16   -5.86   -1.50   -2.72   9.57   
-4.84   10.10   -10.16  -22.25  -7.21   -0.16   -13.09  -19.79  -0.18   2.87   
-8.90   -12.86  6.65    -1.29   -7.43   8.48    -4.60   -2.76   -9.08   -1.39  
-5.40   -1.80   -4.05   5.79    -4.00   7.62    1.45    -0.08   -2.17   1.37   
7.36    8.58    -6.85   -5.77   -14.61  -11.45  1.33    1.27    3.89    4.72   
-12.80  11.89   2.23    4.72    7.49    -7.83   -2.07   -9.02   -10.44  19.41  
3.73    -7.88   6.77    0.72    11.06   18.53   8.28    -10.98  -14.11  23.99  
6.42    -2.11   -0.66   -16.59  8.94    -7.72   4.20    0.25    3.57    -3.71  
-8.69   -4.49   -7.93   -7.07   -3.29   -2.12   13.91   -6.61   -12.71  -6.65  
-10.97  -12.21  -7.26   1.24    -2.75   -0.06   8.52    5.19    -0.92   -0.63  
3.29    -2.34   -1.99   -8.11   6.10    -4.36   12.24   -4.20   3.43    15.21  
-0.67   12.17   -3.55   1.06    1.12    -7.16   -11.69  -4.37   -7.76   -0.73  
-6.66   -11.42  -12.37  -2.65   16.31   1.61    11.20   2.06    14.98   5.58   
4.67    7.73    -9.12   -4.68   -7.84   -0.57   -2.97   3.14    11.43   -6.98  
-5.18   -3.68   -2.55   9.73    -1.77   -7.73   12.69   0.24    -0.53   -2.80  
-0.58   -3.10   0.03    -7.92   15.28   -16.62  -13.66  -15.73  0.83    3.03   
6.74    -6.62   -1.15   -8.38   -11.15  -2.10   2.86    8.73    8.03    -4.31  
3.42    -11.46  -6.15   0.39    -7.70   -6.41   2.83    -2.30   5.55    5.75   
-5.91   -14.22  14.67   0.55    17.74   -10.99  8.59    -13.60  4.76    10.90  
-9.04   -8.71   -3.08   -3.97   0.35    -8.83   15.35   -7.05   -1.80   0.94   
-8.86   -3.42   -2.37   4.01    -3.71   -0.54   9.64    -4.79   5.14    -8.55  
-6.80   1.40    3.15    -3.91   -0.26   0.62    13.22   5.64    3.38    -4.81  
5.67    12.30   -4.98   2.19    -3.91   0.94    -9.18   2.19    3.39    -2.90  
0.45    7.54    9.24    -3.52   -1.86   -3.42   -10.49  -3.22   6.58    -5.82  
-2.28   -1.15   2.62    -3.03   -4.47   -3.95   6.05    -5.95   5.24    -3.36  
-2.90   -5.02   -9.87   4.78    26.78   8.59    -11.65  1.29    -1.24   1.75   
5.00    10.17   -11.72  -18.62  16.82   -3.85   6.58    4.39    -14.85  7.47   
-4.36   -0.83   6.59    -2.27   -3.25   -4.32   -2.88   8.09    7.15    -0.06  
-11.01  -1.76   -6.53   6.98    -0.70   0.72    6.73    4.66    3.43    9.47   
1.98    3.81    0.75    4.35    0.39    -2.58   -3.87   -2.23   -1.64   -5.52  
4.02    9.39    -10.13  -17.36  -9.86   -6.14   -10.81  1.07    5.29    -11.78 
8.45    4.55    4.63    -3.21   2.16    -12.73  -10.00  4.72    -8.59   -1.67  
10.67   2.21    -1.99   -11.10  10.05   -0.91   -0.30   3.52    -3.32   -11.23 
-10.66  2.05    4.49    0.27    -9.83   -3.91   5.73    -9.12   1.01    -1.19  
-0.92   -12.15  1.05    5.80    -2.23   6.94    -2.23   8.32    -14.60  13.48  
-4.42   3.04    3.22    -7.32   23.83   -18.96  -0.03   -16.82  -14.00  7.07   
-2.34   -12.52  -6.54   -6.41   -10.49  -3.56   6.94    -6.50   3.94    4.83   
-5.46   4.54    -6.56   -9.35   15.38   7.87    18.72   -11.78  -8.89   5.32   
1.41    -6.94   -4.10   -0.40   -8.00   -20.64  8.86    -19.68  2.27    3.06   
1.65    -8.92   -0.08   -0.56   -3.52   -12.35  -0.28   6.69    8.06    7.28   
-3.62   0.58    -0.56   -10.46  4.41    7.46    16.83   -2.01   -12.70  9.11   
4.75    -3.98   -8.78   1.01    -3.36   -8.13   8.90    -4.46   -2.77   12.29  
-16.61  0.56    1.39    -1.22   -5.46   -9.40   6.91    -10.92  5.04    -11.11 
-7.17   -2.05   4.70    -18.54  -1.61   1.96    -0.10   -3.14   1.92    7.59   
-9.25   -5.19   1.85    -5.42   3.79    -14.86  -16.66  2.39    7.73    6.21   
-8.12   4.60    4.22    -7.23   -2.30   -1.81   3.85    0.81    -2.22   -6.85  
1.72    -3.99   -11.45  -23.58  -9.01   2.14    2.79    -1.85   -2.05   -1.72  
5.42    -6.27   -2.48   -5.95   -2.41   2.49    -0.55   12.43   8.93    -4.75  
-7.22   -13.89  9.19    -6.71   -6.33   -20.30  9.50    -4.60   3.61    -6.99  
8.65    8.66    -5.18   -0.14   2.57    -2.95   -4.27   -3.18   1.48    6.66   
0.80    7.85    -9.61   -1.76   7.62    -1.35   -2.46   0.62    -2.77   -1.98  
1.95    9.01    -9.64   0.83    6.54    -9.14   -7.43   -3.66   -0.77   -0.85  
4.61    -11.94  8.59    -3.48   -5.62   -4.49   14.90   -14.00  6.32    -12.12 
0.05    -4.17   4.47    -5.91   0.38    -1.92   12.71   14.01   14.88   0.02   
16.99   -3.56   4.41    -9.59   -0.08   5.81    9.20    -3.64   2.78    -5.49  
-1.38   -4.82   5.87    -2.13   -1.20   8.37    6.12    1.82    -1.45   10.85  
2.09    -7.66   4.51    -6.78   -5.88   -3.33   9.73    -5.80   12.83   -6.19  
1.21    2.81    -6.93   -1.15   2.07    13.21   14.16   13.92   13.64   4.68   
0.87    6.36    11.41   -0.68   4.86    2.54    14.87   -4.09   3.42    6.53   
6.10    6.76    -7.74   6.47    6.60    -3.25   -3.12   2.54    -3.33   4.28   
-2.21   2.39    -3.12   -12.91  -10.11  0.33    -1.83   0.91    0.82    -1.98  
0.22    9.27    -5.88   1.64    2.42    -2.77   -5.87   6.66    -3.67   3.42   
-15.72  -10.32  9.22    0.41    -1.52   -0.84   12.05   -0.97   16.38   -10.49 
-13.13  -7.10   -0.07   -0.69   0.06    -3.08   13.66   -6.20   -5.46   -6.95  
7.00    3.96    -0.48   -5.65   3.73    -4.80   -11.76  -3.69   -3.74   -1.03  
-2.18   -4.18   -0.68   -5.34   1.27    4.90    2.07    -11.38  6.29    -11.42 
-13.19  -12.96  0.57    2.58    1.05    -7.35   -10.13  -10.68  2.98    -0.33  
-11.76  1.06    -1.93   -4.43   -10.64  -8.76   0.21    -2.96   10.30   -10.65 
-9.17   -5.45   0.47    7.25    -6.00   0.81    -8.96   -13.41  0.76    -7.53  
-11.17  -5.38   -3.54   -2.84   -7.26   -3.72   -3.71   -8.28   -6.80   21.13  
16.76   -7.31   1.53    -8.27   -2.48   4.33    -7.53   -7.36   -7.16   2.63   
-4.17   -4.56   -1.03   11.98   11.89   6.05    12.01   7.24    -5.76   13.91  
3.01    -2.98   -15.73  1.23    11.90   -14.61  -4.17   2.09    11.06   7.34   
-6.53   -5.91   3.41    -6.90   -4.44   -0.81   3.30    -3.64   2.02    6.05   
-9.67   0.40    -12.38  -7.85   -8.75   -21.32  -13.17  -6.37   -1.75   -1.42  
-7.21   -8.88   0.28    -9.16   -6.49   2.03    -17.04  6.55    9.64    -6.54  
10.31   -4.53   1.39    -6.17   1.88    8.42    4.11    7.01    -4.44   1.63   
-4.67   1.60    -1.68   6.63    -1.53   -5.14   -1.71   5.79    -6.15   4.43   
6.79    7.53    -9.26   -6.24   2.51    -8.95   0.44    -1.91   3.51    8.39   
1.54    4.20    -4.71   -0.14   7.85    -9.07   -3.51   -4.87   5.44    10.09  
-3.85   15.49   2.54    0.32    17.25   -17.75  -10.99  1.88    -14.93  -8.11  
6.93    -2.10   -0.04   -2.07   -4.95   0.82    0.17    4.21    4.63    1.57   
4.20    -13.65  1.04    -5.29   -14.85  8.69    -1.57   -13.35  6.41    -2.05  
-0.13   -15.89  -4.50   1.21    -10.81  13.32   17.96   14.13   2.90    2.72   
5.83    7.92    -3.42   -6.11   -3.18   3.07    -8.98   3.45    8.09    -1.47  
-3.62   -16.30  6.07    6.69    -8.17   0.77    -7.06   3.32    -6.08   0.21   
-1.02   -8.26   -0.22   16.06   7.71    -4.18   5.83    14.33   12.40   0.87   
4.20    -5.60   1.55    8.03    -1.10   3.01    -3.04   -15.67  -8.67   -11.05 
-7.69   0.14    0.88    -7.45   -11.48  1.63    7.68    -4.42   -3.18   -5.53  
-4.85   8.53    -6.04   -8.17   -9.45   6.33    12.66   -1.20   6.82    -5.54  
-20.30  -4.54   -3.87   3.50    -13.52  -7.86   -11.09  -10.74  8.94    10.26  
3.28    -1.22   3.70    0.20    6.25    0.73    6.97    11.84   0.21    0.52   
-4.81   -2.45   1.19    -1.64   -5.95   13.45   15.40   6.93    -4.22   -3.94  
-7.53   -15.13  -13.65  6.68    -2.33   -6.55   23.92   3.24    -7.54   2.69   
1.23    6.99    -8.26   -0.65   2.98    -6.02   -12.00  1.81    -7.36   -0.71  
9.88    7.26    -10.37  -0.91   -0.67   -6.88   -16.18  0.36    -1.89   0.10   
5.43    -8.43   -14.18  -7.89   10.43   0.08    11.35   -13.21  -7.98   11.73  
-9.33   -5.06   -0.47   12.69   -7.10   -19.99  -8.79   -2.39   12.75   -2.33  
-8.35   -5.72   7.81    11.08   -3.99   5.83    -9.29   -7.46   -4.14   -7.05  
-14.37  -13.10  -2.96   5.25    -0.94   2.28    2.20    -5.22   -5.66   -6.63  
4.49    4.23    -8.97   -5.90   5.16    -8.74   -11.92  -1.28   -1.71   -1.80  
-2.45   -1.73   3.89    4.08    2.20    -1.35   -7.36   -3.25   -4.40   -6.19  
-2.31   0.80    -10.30  -5.17   8.45    0.71    -2.40   -14.34  0.58    -0.60  
3.54    4.00    2.35    -3.57   2.64    -3.52   -3.97   0.33    1.49    -10.97 
-11.72  -8.24   -7.53   0.60    -6.76   -1.39   4.34    -1.44   -10.80  7.37   
-7.69   -17.60  -4.44   2.08    -5.77   -4.71   4.08    -10.18  9.16    -3.59  
11.11   0.56    -8.01   0.80    7.70    -1.17   7.69    2.79    8.59    0.21   
7.54    6.43    3.61    4.18    5.31    -8.36   8.59    -3.25   -13.07  26.81  
-1.76   -12.08  -3.75   1.57    -1.60   -5.18   0.51    2.52    4.44    -0.54  
-6.38   -1.55   -1.90   -10.32  -1.21   -5.21   -7.67   2.33    8.01    -7.96  
1.37    5.31    -3.84   -7.49   2.29    -12.68  -9.99   5.91    -3.57   1.32   
-10.18  -11.99  12.55   -5.01   -17.57  5.98    -1.05   9.96    -10.47  6.29   
-9.14   -7.62   -1.45   9.27    -8.57   1.05    1.98    -2.34   -10.49  7.22   
6.94    -0.22   8.73    8.29    2.83    -7.69   -6.73   -1.01   0.73    -8.83  
-9.50   2.72    0.13    -4.83   1.68    0.25    11.24   -5.94   -2.09   -16.13 
-4.67   -1.51   -9.35   1.96    2.81    10.54   -3.40   -1.39   2.19    -0.73  
-7.66   -5.38   -3.67   -3.05   -2.56   -2.32   6.70    -0.05   -9.27   13.78  
-5.84   9.19    4.95    4.71    2.85    4.04    -13.93  -1.20   5.00    -5.53  
4.05    6.41    -1.44   -0.99   2.10    -1.49   3.49    -2.78   -16.50  7.07   
-22.99  -4.34   -10.01  4.94    -3.68   12.66   4.22    10.85   -3.04   6.47   
-9.62   3.64    -10.85  4.29    -0.88   -0.38   19.91   9.92    3.21    6.68   
-7.13   -6.46   -9.24   -10.23  2.18    -2.08   8.86    -3.06   -7.16   -6.81  
-7.47   -5.24   -8.67   -0.73   -8.49   -3.28   0.95    -10.92  8.39    12.98  
-3.72   -13.21  -5.41   -4.36   -9.30   -8.59   6.40    -11.37  5.90    -5.14  
2.07    -8.56   -1.64   -3.03   -6.45   -3.62   9.34    -11.46  2.45    -8.42  
-15.26  -7.89   -2.66   -5.52   -5.98   -1.61   3.78    -4.40   3.00    -15.31 
-9.11   -6.96   -1.08   -6.25   -14.49  -0.79   -7.17   -3.31   0.73    2.47   
-12.22  -5.34   -1.35   1.18    0.25    -0.18   5.61    -17.61  -4.28   -6.15  
3.09    17.80   -3.80   0.80    2.35    -4.18   -13.44  -3.99   -6.57   5.18   
1.66    4.75    -5.78   -0.23   3.98    -6.92   -6.09   0.06    0.09    -0.18  
-16.60  -7.85   -8.54   4.95    0.87    -6.19   0.09    7.58    5.89    -1.71  
-5.09   -17.25  4.31    6.23    -11.01  -3.95   3.17    -3.94   -8.85   -8.98  
6.76    8.48    -3.68   -0.90   3.23    -9.03   -12.04  -4.56   -4.93   14.82  
-9.64   -5.53   -4.81   5.60    -6.96   -8.36   8.64    -21.70  -2.77   -20.45 
3.19    2.08    -2.53   4.73    3.88    -0.38   -7.59   -3.77   -4.28   3.15   
3.15    -5.33   -11.00  2.75    -9.18   -6.66   8.39    -6.41   0.07    17.85  
0.84    12.24   -2.70   -0.37   2.13    -7.49   -1.93   2.29    -6.14   -1.21  
-10.65  -0.74   -2.25   -2.09   -7.58   7.21    1.88    2.41    -12.55  19.27  
0.25    5.08    -4.60   11.85   35.08   -14.64  12.66   11.04   -9.05   4.06   
-6.34   -1.08   2.76    21.49   10.38   -4.71   -0.18   -0.31   -4.82   -17.70 
-4.07   -14.97  8.38    -5.07   -14.39  -0.27   8.06    -14.00  -2.21   -15.76 
10.68   -18.77  2.34    -4.81   10.36   -4.46   29.36   15.42   13.90   -0.33  
8.62    0.53    2.23    -3.07   -4.54   -1.30   -0.26   11.41   -6.80   -0.89  
5.82    1.32    2.67    -10.36  2.15    2.91    -4.96   1.56    -7.63   -10.38 
-0.44   -8.93   1.89    -3.89   -2.25   -9.56   -11.39  -1.03   8.44    -5.14  
-9.67   -6.31   7.50    10.76   -4.29   -1.37   4.01    -5.88   13.00   -0.65  
0.62    1.61    -12.68  6.24    2.66    8.52    2.90    -8.35   5.95    13.66  
0.84    0.13    1.89    -3.53   -0.43   -5.67   -9.42   -6.39   0.71    -2.84  
-7.35   -6.60   -8.51   -5.54   -9.05   -11.58  -1.57   11.31   0.54    -6.37  
11.75   -9.44   4.27    2.56    -9.53   2.65    4.81    -4.69   2.19    4.46   
-4.52   -8.83   1.21    -5.39   0.82    5.78    10.86   5.38    -4.30   7.00   
-8.30   -7.11   -3.28   0.19    0.81    -8.96   3.84    -7.58   -5.17   0.52   
-6.56   11.70   -1.90   4.65    -5.70   -1.46   5.33    -2.55   -7.27   1.80   
-15.88  -3.99   -5.95   -5.02   -3.34   11.77   -3.26   -10.39  0.71    -6.89  
-5.57   -3.69   -8.01   -11.72  15.93   -0.58   -5.99   -2.10   -2.36   -10.71 
-9.09   -1.89   0.14    -4.70   -0.24   -0.88   2.77    4.63    0.82    -11.16 
-0.73   -9.41   -8.03   -18.38  0.44    3.22    5.30    4.78    -0.57   8.62   
0.15    7.04    -10.80  -3.97   -0.21   -4.41   -8.70   -2.51   -0.54   7.17   
-2.71   -7.96   -2.71   6.39    -3.11   -7.15   6.77    3.91    1.80    -12.56 
2.88    7.80    -5.84   -0.95   7.65    -11.38  -8.99   4.91    -1.11   4.81   
5.72    4.72    -4.20   -1.75   -0.51   -8.90   -8.66   -0.90   3.15    1.50   
16.81   -9.68   -2.27   -1.29   -0.70   -5.79   3.99    -2.90   -1.69   -6.02  
0.22    -2.59   2.57    -3.99   4.36    4.41    3.00    1.24    -2.78   3.60   
6.97    9.31    -8.65   -4.13   2.02    -3.96   -9.21   -4.84   -2.55   2.07   
9.31    9.10    -8.83   -7.47   3.93    -8.58   -8.37   -1.92   -2.82   0.74   
-1.42   -1.33   -4.87   1.11    -0.50   3.28    7.29    2.62    1.15    5.61   
6.42    4.57    -5.46   2.32    -5.43   3.79    5.33    11.31   -7.51   6.91   
-10.79  -10.87  3.39    -2.21   -6.54   -7.44   2.49    -2.50   11.39   -11.62 
7.84    3.01    -8.56   -1.42   3.63    -6.83   -9.71   -1.73   -5.74   -4.38  
7.63    -19.66  3.42    -0.64   -2.36   4.57    5.89    -2.47   4.17    1.68   
6.55    6.51    -7.99   -1.43   6.29    -0.82   3.23    2.96    9.35    -0.01  
-5.45   3.01    -3.04   -3.97   -2.89   3.39    20.90   -3.50   -6.43   -8.08  
0.73    -13.02  -1.44   -0.82   2.34    -1.92   -9.43   -3.77   -4.97   -2.83  
-24.06  -2.36   -3.78   -0.75   1.61    -9.16   11.48   -0.69   4.35    3.35   
8.34    -7.42   -1.59   -4.82   -3.54   -3.69   -7.80   -12.52  17.34   7.00   
-6.70   -9.09   14.28   0.92    -14.16  2.22    0.61    -6.12   0.10    -1.73  
1.99    3.36    -8.02   0.30    -4.62   -6.28   -7.84   3.17    -3.92   3.64   
-5.98   4.09    1.33    -4.76   2.37    -0.28   14.41   5.43    16.91   4.01   
-2.03   -9.21   14.76   2.83    6.54    -10.34  9.13    -2.89   -1.72   -0.20  
0.88    0.16    4.80    2.94    -8.03   -6.73   13.36   -4.62   3.61    3.21   
-10.49  -4.34   -2.55   -3.61   -5.84   -1.48   15.43   -12.44  5.92    -1.31  
-5.73   -4.28   -0.80   -2.74   0.23    3.40    16.86   9.72    -5.46   -4.45  
7.30    1.49    -4.12   4.54    13.21   4.74    -1.58   5.22    9.11    -9.79  
-2.48   -1.80   4.95    -8.97   -1.51   4.39    -0.36   5.83    8.91    -4.83  
-10.15  -3.39   -2.25   -2.67   -12.49  1.33    5.17    -4.63   -16.60  12.06  
4.30    6.86    -4.89   -2.41   -0.93   -6.08   -1.06   -2.35   -3.16   3.70   
3.13    8.74    -7.76   -3.33   0.29    -6.03   -3.12   -7.39   1.01    9.41   
2.15    -5.20   -5.68   -1.69   4.20    -8.72   -0.68   0.79    3.95    -11.97 
-1.52   2.01    0.92    -4.13   1.79    5.18    -0.29   6.08    -3.52   2.69   
0.57    -3.72   -1.49   -2.79   -9.14   6.74    10.32   1.07    14.56   -8.24  
-3.95   -15.27  -4.10   2.67    -11.09  -2.77   -5.52   -8.21   16.48   -12.20 
3.07    -12.06  -9.13   -9.07   -12.90  -4.03   11.72   15.34   -1.39   -7.54  
-3.08   7.14    0.23    -4.93   1.86    -12.09  -4.74   -1.34   -6.84   2.65   
-0.10   -1.42   -10.38  -5.38   -5.75   8.38    2.17    -0.40   3.75    -2.34  
-6.78   2.00    -0.09   8.09    12.78   -12.39  -7.27   -4.26   -1.94   9.64   
4.50    5.54    -10.92  0.69    8.38    -4.90   -5.20   -5.61   -2.63   8.70   
-1.78   -5.66   -1.41   7.51    3.49    -2.31   -22.47  -4.08   -18.18  0.22   
-6.27   0.24    -12.39  3.03    -5.29   -5.05   -2.59   7.58    -3.93   5.35   
-9.21   6.20    5.35    2.18    -7.00   -5.48   7.08    21.01   0.11    5.42   
-6.20   4.70    -2.25   -4.17   -1.04   2.05    11.83   12.80   0.10    1.44   
-3.44   5.48    -6.96   7.04    -2.03   0.33    -0.88   -1.17   -7.82   2.34   
-9.10   -12.08  1.28    -5.13   -4.27   6.67    14.43   3.87    -5.33   -4.13  
0.81    -11.19  -13.73  -3.86   0.91    9.50    -2.30   -7.31   11.41   -19.63 
6.86    3.13    -5.64   -7.05   -11.12  6.01    -11.72  -2.89   7.19    6.89   
12.96   -3.33   -5.66   1.30    -15.02  9.02    -9.09   -14.43  -1.69   6.55   
5.09    7.68    -7.36   -2.38   1.17    -8.01   -5.78   2.61    1.66    2.19   
-1.09   -6.48   -8.68   -3.94   1.71    -1.80   8.63    -5.73   1.35    -3.08  
-4.86   -16.74  10.06   -0.55   2.97    -6.36   9.91    -1.76   -2.21   6.85   
8.98    -10.79  1.76    -6.94   -2.58   9.40    12.65   -2.49   -14.46  -3.63  
1.19    9.52    5.52    -4.79   -2.42   3.63    -5.04   1.55    7.70    4.41   
-7.52   -3.05   -9.47   -2.93   -3.02   10.11   -0.54   1.97    1.61    -0.13  
4.39    -1.42   3.79    -15.63  -2.13   1.87    -5.72   5.80    4.58    0.01   
3.87    -1.74   -6.94   -4.48   2.59    0.95    23.91   -4.84   3.25    17.62  
3.63    7.14    0.24    -5.32   4.50    -5.74   -1.26   3.04    -3.24   10.73  
1.72    5.87    1.88    -8.68   5.18    8.30    7.42    9.50    -5.20   2.12   
-14.45  -12.51  -2.15   -4.99   -2.97   5.64    6.02    8.89    -15.59  -5.25  
0.14    -4.29   -5.10   2.21    -2.74   6.98    -3.69   9.74    -2.85   -7.54  
-8.26   -5.40   7.35    5.35    -0.21   -10.46  16.32   -3.19   4.89    1.62   
3.39    15.72   -11.27  -5.07   -0.38   -6.69   -4.01   1.72    -3.82   2.38   
-3.13   3.06    13.61   0.14    -3.01   -10.27  -8.67   -2.35   4.41    -4.00  
3.26    5.30    1.62    -11.67  -5.91   -4.47   -4.68   7.26    2.02    -4.37  
14.89   -0.14   1.67    -12.43  6.37    9.47    14.41   14.52   1.77    2.92   
2.46    7.06    -3.80   1.03    1.68    -7.44   -9.41   -3.29   -4.10   1.41   
-8.28   -15.91  -2.93   -5.48   -10.36  -4.74   6.46    -13.25  3.57    -1.95  
2.60    3.08    -6.34   0.51    -1.10   -8.28   -5.14   -7.24   -6.19   -1.72  
-11.36  5.61    14.95   5.44    -17.67  1.58    0.68    2.72    -0.45   12.72  
-2.63   -15.63  4.31    -9.39   8.97    -15.68  21.19   12.31   16.60   0.80   
7.17    1.44    -2.35   -10.56  2.06    14.35   6.51    -5.18   -2.20   2.42   
-1.74   6.33    -7.39   -2.86   5.38    -7.19   -3.61   1.15    -0.28   2.13   
-2.96   8.12    -3.18   -4.49   -3.82   5.84    6.51    -2.45   -9.14   5.13   
-11.64  8.90    16.57   7.71    9.29    -15.00  10.56   2.75    -21.51  0.13   
-12.03  -10.55  -3.30   -0.90   1.97    -11.11  4.19    -13.12  -5.88   -10.16 
5.23    7.15    2.05    0.56    -9.04   11.65   -0.07   -1.36   -5.87   5.76   
-5.21   -4.66   -0.78   -11.51  -13.61  1.49    13.29   -2.87   -17.66  -2.46  
0.83    -19.29  4.33    -1.71   -6.64   -10.98  16.19   1.86    1.18    7.72   
-2.86   2.73    -1.56   -0.15   -13.88  0.20    11.17   0.07    -9.97   3.71   
3.68    10.87   -5.70   -5.72   4.18    -10.96  -3.09   -6.06   -3.60   1.50   
-0.62   1.13    -15.41  -10.97  -3.76   13.31   -2.06   -8.06   -13.61  13.36  
2.37    8.41    -2.11   4.15    2.16    -5.64   -4.41   2.39    -3.45   1.54   
-5.92   -1.93   -0.05   -5.55   -7.25   5.60    7.80    1.72    -16.59  4.29   
-0.15   -4.17   -0.83   1.64    -2.80   4.78    9.77    5.81    0.21    6.16   
0.91    -1.87   0.84    -4.62   -1.15   3.65    4.16    4.33    1.74    -2.05  
-10.07  -1.20   0.94    0.94    23.57   -6.10   5.46    -18.83  3.32    5.82   
-11.82  -5.04   1.18    5.53    0.16    7.48    4.18    12.06   -1.28   2.57   
-1.22   10.82   -3.94   -2.89   -0.06   -7.64   -10.96  -3.08   -0.85   1.82   
6.24    -9.26   5.85    -4.36   6.63    7.01    -4.25   7.39    11.15   -2.19  
-2.48   -8.80   6.62    -2.02   9.87    0.34    1.28    11.28   -26.59  -2.43  
2.50    -6.09   -1.43   -5.16   -0.25   3.82    3.01    6.30    -6.50   -5.27  
-9.05   -6.21   -2.92   5.02    -0.41   -1.74   -2.98   4.07    4.84    -8.76  
1.72    1.02    -7.86   0.15    7.92    -3.72   3.68    6.30    14.30   -10.94 
5.28    -9.32   5.85    2.40    -5.67   -4.27   -1.61   -12.30  7.47    -13.53 
24.35   -1.33   -1.59   -11.53  -3.02   14.85   4.80    -14.08  3.44    10.47  
13.44   -8.23   -2.48   -0.35   -4.35   4.76    -1.36   -5.63   -3.69   -9.98  
0.69    5.46    0.26    -5.47   -0.02   1.47    -2.42   0.40    9.48    -1.37  
-13.49  -11.73  10.61   -5.92   7.70    2.14    14.51   -9.04   2.84    2.74   
-9.22   -8.66   2.00    4.44    3.83    8.75    -0.73   -0.11   -0.98   7.61   
2.21    2.49    -1.54   -8.53   1.12    -1.09   -9.43   1.77    2.18    -7.58  
3.79    -3.54   -7.68   -0.26   -5.80   4.98    1.03    -2.93   3.59    -13.25 
3.81    11.72   -8.44   -21.25  -10.51  2.87    -3.15   -6.47   -4.17   -0.87  
1.45    2.20    8.58    5.35    11.44   -7.39   9.67    -4.52   -5.53   1.28   
-9.25   -0.14   4.82    -7.58   2.06    -3.52   -7.94   -0.20   -7.85   2.45   
-6.84   2.86    -12.11  4.83    -14.07  -13.80  6.34    4.40    7.31    -7.66  
-11.24  -7.00   4.54    -8.35   5.42    -1.30   -1.70   -10.07  10.78   -14.00 
0.51    -7.87   2.04    1.25    3.16    -7.99   2.18    -7.62   0.77    -6.83  
-5.69   2.83    4.89    2.12    -0.52   0.94    5.21    -1.77   -6.69   -7.17  
15.27   1.24    -0.22   -9.53   -6.06   2.94    5.85    4.42    0.93    8.55   
-6.01   -8.06   -12.09  -22.32  -7.91   -7.38   -9.13   -19.22  4.57    -4.60  
1.38    -0.69   -8.73   0.73    -4.46   -8.66   -3.93   -3.13   8.58    -3.42  
1.10    3.75    -5.69   -3.68   0.83    -7.08   -4.36   -2.64   -1.11   -5.23  
-2.61   11.36   -10.27  -3.86   1.45    -6.83   -8.22   -5.25   -1.32   1.34   
-7.20   -4.13   -8.18   2.24    -4.65   -1.72   16.23   1.43    3.23    -10.28 
-14.52  -10.08  -0.68   -2.41   6.38    -2.24   9.90    -13.27  2.62    2.75   
10.55   -14.49  -8.90   7.54    -11.32  -1.15   4.01    3.33    -5.60   -14.29 
5.47    3.99    -8.32   -0.26   -2.85   -2.80   -4.64   -8.04   -0.37   -0.14  
1.81    0.73    -10.39  -7.36   -1.36   0.49    -5.27   3.18    -0.39   1.73   
2.59    2.30    1.04    0.42    -3.67   8.36    2.81    6.89    -12.45  4.50   
1.40    5.21    -0.04   1.77    -6.61   -3.54   -9.44   -2.89   -1.45   -22.21 
-13.30  -5.19   -8.67   5.13    -8.91   -3.82   1.63    -4.75   6.34    -5.17  
2.04    -15.11  -9.54   15.54   2.63    -5.38   -5.06   4.95    0.18    12.39  
-9.53   -20.84  -2.39   0.65    -8.44   -6.98   11.66   -3.19   -4.03   -2.47  
7.09    -9.78   4.91    -1.64   -2.70   7.43    1.93    -2.44   4.44    -3.20  
-6.84   8.01    -6.42   -3.77   1.62    -4.16   -1.02   -8.32   -6.02   9.82   
-14.74  -15.88  4.33    -1.15   0.64    -11.33  1.22    -8.09   7.83    -1.60  
-0.56   7.75    4.19    -8.78   -1.39   1.41    3.20    1.49    4.09    -6.02  
6.64    0.23    -7.95   2.95    9.27    5.76    -4.86   4.11    3.79    -2.54  
0.94    -11.03  -0.67   1.55    12.79   -8.68   4.51    6.82    6.97    -5.36  
-2.90   10.27   -0.95   -3.06   16.96   -2.62   -11.50  -6.43   -0.17   23.32  
15.35   -8.98   -3.76   -10.55  -4.60   6.54    0.97    -0.04   4.17    4.88   
-6.76   -0.77   -3.91   7.45    -2.00   -12.28  14.44   -2.89   0.81    -4.66  
0.39    7.32    -8.12   -5.04   0.36    -7.60   -8.69   -5.21   -1.45   6.06   
-5.30   -6.37   -2.22   -11.18  6.71    -15.26  12.82   -6.05   -1.77   0.44   
-4.22   -10.34  6.82    5.39    0.84    5.25    0.99    3.59    -3.35   -3.19  
6.22    11.05   -12.69  -1.75   -6.32   0.01    -5.36   0.15    -2.42   5.86   
-2.10   4.51    -9.39   -0.27   -3.27   -2.90   3.89    -5.25   -10.98  3.24   
6.25    -3.77   6.46    0.24    4.32    -6.90   22.23   -3.04   -7.29   -0.65  
-4.71   -2.42   -2.58   5.88    -10.94  -10.08  13.93   -0.43   -6.87   -6.31  
7.69    -0.45   6.43    9.18    1.74    -4.75   8.01    7.86    1.44    -4.11  
2.16    3.07    -11.33  -0.87   3.36    -7.97   -6.06   0.62    1.14    0.17   
2.93    3.96    -2.85   -11.13  -6.82   -0.43   0.19    5.76    -4.85   6.14   
4.01    1.65    -7.66   7.99    -0.38   -0.84   -13.98  0.01    -9.62   4.10   
3.07    -5.68   4.05    -8.91   0.04    0.25    -0.24   6.62    13.46   -7.36  
2.48    -10.70  10.39   3.07    -1.04   3.61    -3.24   -3.85   -4.39   -12.87 
-11.13  -10.20  7.88    -9.99   -1.34   -6.04   10.53   -0.93   5.82    -5.27  
-1.83   6.74    13.23   -0.55   6.12    -3.35   -9.17   -6.25   -17.38  2.24   
12.00   -18.06  -17.09  2.57    -3.17   29.73   5.47    5.40    -32.39  -2.21  
4.50    -4.59   2.79    11.72   7.81    6.13    9.03    2.53    -11.07  0.28   
-11.21  5.94    4.61    3.16    -7.54   -8.30   10.80   2.19    -14.76  -10.75 
-6.20   -2.07   -3.71   2.39    -7.36   0.84    -1.05   8.97    -5.94   5.21   
-10.44  1.66    -0.82   5.73    1.59    -1.61   9.99    11.30   -3.88   -2.48  
-9.09   -6.43   -1.42   4.81    -6.22   -9.41   -13.53  3.15    -9.31   -3.65  
-5.12   -1.87   -1.76   1.88    1.23    5.43    2.36    -0.51   6.04    6.23   
-3.57   3.30    -5.74   -15.53  -12.71  15.47   0.01    2.13    4.74    14.84  
-0.00   8.80    -6.98   -0.03   -3.10   -0.98   -5.77   -1.22   -9.31   -1.26  
-1.40   -3.79   -1.71   -4.80   -11.60  -9.90   -2.47   -2.11   3.69    -8.49  
-9.99   -2.83   -12.79  -3.32   -9.87   6.27    14.84   -4.65   -6.20   -11.54 
11.87   0.60    3.71    -0.95   -3.65   -4.38   -5.85   0.04    -9.82   -7.79  
-5.04   -9.82   5.40    5.68    -5.99   -8.15   1.19    3.98    -7.79   11.81  
-2.36   7.07    0.00    -9.57   7.55    10.46   0.38    -6.36   8.64    -5.53  
-1.13   0.19    4.39    12.26   14.25   -0.64   -1.18   2.90    -3.50   0.90   
8.88    -16.96  -15.05  6.14    10.00   3.68    0.93    -1.30   -3.30   -6.79  
-10.86  -6.30   -7.34   3.06    1.84    6.18    7.70    9.39    -13.13  1.08   
-9.25   -4.92   6.92    1.28    -11.40  -3.00   9.02    -7.33   -2.53   -9.96  
-4.31   2.72    6.35    -7.95   9.41    1.69    9.21    -3.83   3.38    -8.06  
-0.96   -15.47  -5.16   -18.81  -14.21  -6.98   -21.21  -19.51  -3.23   -0.57  
-4.24   -3.38   4.03    1.57    -9.97   -0.37   11.26   1.48    -4.37   -3.43  
-9.48   -10.27  7.07    -1.89   15.81   -13.90  -6.93   7.25    0.67    -5.39  
-7.06   -10.50  -10.78  7.82    -6.26   -1.23   -0.90   17.21   8.06    4.50   
2.55    -5.94   -2.99   0.64    -7.80   6.09    -2.51   -8.67   -1.20   0.03   
-2.16   8.53    -12.11  0.05    -9.85   2.68    5.13    -2.11   -15.54  11.24  
-9.17   -7.69   11.92   5.53    -6.95   -2.63   13.64   -1.63   4.14    -8.20  
6.77    -1.21   -7.64   -0.37   -21.24  0.14    -9.64   -16.13  11.28   -4.30  
5.99    -2.81   -3.92   -5.73   -1.34   -6.68   26.33   18.57   8.85    -14.30 
-5.14   -11.07  12.14   -6.05   11.00   -0.69   14.18   -10.09  0.67    -6.72  
2.45    -7.73   -9.81   8.45    -6.08   -9.04   -1.31   1.94    -4.66   -4.22  
-5.07   -6.80   1.64    1.25    -7.62   11.41   8.13    5.25    -8.46   3.59   
-8.35   3.62    0.76    1.99    -7.74   3.79    24.88   8.37    -1.55   4.95   
2.31    6.03    -15.54  0.39    12.11   -13.36  12.56   -16.83  0.86    11.73  
-7.29   4.79    -9.55   -3.72   -14.83  0.27    -4.23   -0.70   4.38    -2.94  
-10.59  -7.45   0.03    -1.14   -6.55   0.22    7.00    -12.91  -5.01   -9.91  
0.50    -8.35   -8.91   1.78    -1.50   6.87    -1.81   -1.15   -7.54   -10.87 
-9.41   1.29    0.36    3.02    -9.09   4.44    -6.25   -7.47   6.14    15.42  
1.81    10.13   -7.55   -1.98   2.66    -0.97   -3.56   -6.09   -4.33   -4.07  
1.96    -11.44  -9.41   0.20    -1.33   16.74   9.04    4.75    2.90    7.05   
0.04    7.18    -6.31   0.16    0.91    17.11   -4.16   3.11    6.05    -5.98  
6.64    5.92    11.66   -8.49   3.29    3.97    -9.62   6.56    -4.57   12.04  
-13.65  -10.70  -3.60   -11.14  3.10    -1.83   22.54   -10.32  -0.31   1.92   
-7.83   -14.30  7.08    2.11    -10.66  -11.36  -18.04  10.54   3.06    -5.54  
4.22    10.45   -3.25   -7.68   -1.07   -10.76  -4.62   2.93    -3.54   7.70   
-18.54  -1.86   -7.90   -5.50   -10.51  5.03    5.30    5.21    -7.46   1.12   
3.45    13.11   3.97    -0.91   -7.18   1.56    -0.46   -2.36   7.58    11.43  
0.79    2.96    -8.86   6.18    -1.51   -2.02   2.79    -1.97   1.75    -4.30  
1.38    -19.01  2.02    6.13    -9.31   -1.39   7.04    -8.25   12.50   3.08   
8.02    -1.01   4.62    -7.32   -12.73  -4.61   8.39    6.73    6.51    -13.91 
0.74    -2.54   3.99    -4.01   -8.50   -13.74  0.68    2.42    -11.12  4.02   
-6.17   -9.19   -9.98   -17.97  -8.37   8.26    4.91    7.58    -9.18   1.92   
-15.76  -1.61   -9.31   4.05    -5.15   -4.80   7.92    -14.23  3.24    -3.25  
3.34    -1.68   2.81    9.37    2.82    -2.08   18.47   34.00   2.14    3.10   
13.64   1.15    8.67    1.69    2.47    -11.58  -1.16   7.67    10.93   1.92   
-15.96  -7.81   -10.86  9.96    -8.81   -15.76  -6.32   0.53    4.69    -7.22  
6.05    5.32    -6.64   1.73    9.03    -3.39   -6.22   0.43    -6.58   9.67   
-0.14   -7.60   -11.15  -3.39   -9.63   -6.45   9.65    -4.25   5.67    -2.94  
-9.86   -9.65   -6.32   -14.70  -10.83  -1.46   -20.44  15.19   -2.59   -4.03  
8.32    -3.28   -2.44   -4.80   -4.61   -3.34   -5.46   13.73   -5.75   2.06   
-2.86   -15.53  0.46    -9.40   2.79    -3.54   -5.54   1.84    -7.56   9.81   
3.90    6.83    -14.59  -6.46   -2.00   -5.83   -12.46  -5.15   0.69    4.92   
-3.94   16.20   -7.12   -0.22   9.55    -1.49   7.89    -3.48   -4.52   1.96   
-10.32  -1.33   0.45    4.25    -13.18  -0.51   12.23   3.99    -9.61   7.82   
5.11    -13.34  -7.99   7.03    4.73    0.35    15.06   -9.73   -0.79   -4.84  
-4.05   -5.25   2.60    3.43    -2.60   -2.57   -1.03   -3.84   7.10    -17.55 
0.47    4.46    -7.91   -7.09   -5.17   -2.73   -2.63   -6.63   12.91   -0.46  
-12.74  -5.09   17.11   -3.54   14.88   -7.06   11.08   -8.44   -10.02  3.68   
4.14    0.78    -16.10  3.90    5.35    -7.58   -8.18   -7.83   -4.38   2.70   
-2.78   -0.73   -2.14   -4.12   -8.80   -1.02   5.19    8.52    -3.97   -3.36  
4.18    10.40   -9.21   0.08    5.43    -3.59   -7.49   -4.32   -1.17   -1.66  
18.16   -9.04   -7.08   -8.09   -4.31   -0.01   -7.02   -12.85  14.41   -4.63  
