3.84    12.06   2.27    -2.88   13.84   -1.90   -3.64   -2.12   0.39    12.63  
-2.60   6.01    -1.16   2.89    -3.85   12.79   -7.80   -7.50   16.59   -4.28  
2.49    9.53    -14.69  18.18   3.58    1.56    10.07   -15.98  10.56   3.73   
5.70    6.76    -2.67   6.14    8.08    6.44    2.64    1.94    -5.46   -0.39  
23.76   -16.79  -9.33   -10.20  -2.34   13.24   -4.51   -1.04   5.34    -0.22  
16.64   2.26    3.45    4.94    -0.49   -4.95   10.17   -15.48  3.58    1.66   
-1.21   -3.34   1.07    7.82    1.52    -10.02  2.99    -2.69   -6.99   -1.88  
-12.42  0.08    -1.47   0.28    12.02   1.32    1.96    -3.03   8.28    -2.61  
7.57    3.31    -0.97   1.23    3.04    -3.19   1.03    -4.82   -7.48   -3.18  
22.73   3.10    -0.99   9.94    -4.15   -1.87   10.80   -5.83   10.12   2.07   
16.63   -11.74  -5.49   2.86    21.29   1.08    -2.65   3.62    -6.30   -8.54  
6.27    -14.90  -4.58   -4.08   5.46    -15.63  -12.34  -7.89   5.20    12.59  
-5.62   3.16    -12.82  13.53   8.12    -5.84   -1.89   -6.29   -8.95   9.03   
-10.45  -0.59   -3.30   3.85    1.41    -20.97  -6.45   -1.36   1.72    -16.13 
16.63   -12.63  -16.24  4.44    3.00    -1.27   6.51    -1.69   7.61    19.82  
17.19   8.64    -4.74   13.10   9.30    9.22    8.29    -4.03   10.55   -3.25  
13.39   -3.73   -1.91   -13.52  7.42    -8.74   -6.91   0.79    -1.13   10.94  
10.05   1.10    4.24    -5.61   -14.62  -6.21   -12.54  3.38    2.52    -6.16  
10.15   -1.16   1.70    -1.06   7.02    4.00    -3.92   -14.57  3.78    8.01   
0.07    -12.82  12.27   -6.76   4.37    0.16    -7.31   1.14    -1.60   8.95   
1.00    -4.28   0.24    -8.03   6.01    -12.70  9.01    16.57   -6.06   -8.73  
10.63   -16.03  3.03    1.47    -11.76  7.12    -6.17   3.23    -10.11  -0.49  
8.15    -7.97   3.57    -0.93   -14.38  -13.09  6.28    -0.23   27.96   3.81   
0.87    -1.03   -5.06   -9.21   16.34   -19.57  -19.99  8.19    7.32    -2.39  
6.52    -18.84  -7.46   -2.74   0.04    -4.66   -13.39  4.81    6.75    1.80   
-0.52   5.93    -6.08   -10.61  -9.93   -5.76   -1.34   -17.40  1.24    -10.87 
1.47    3.14    2.79    -2.86   5.01    -6.84   -0.96   -2.01   -7.43   -0.33  
12.66   6.47    5.39    10.33   0.62    14.83   2.47    6.83    -11.02  9.36   
5.45    -2.91   -5.85   -10.17  -9.86   -15.82  1.43    2.32    17.66   4.32   
17.03   -15.82  -8.99   -10.60  -6.65   -1.09   -8.59   5.45    -10.59  1.51   
1.25    -0.67   -1.99   -2.34   0.03    5.98    -1.08   -11.28  16.35   -4.47  
12.69   -13.35  -1.17   -11.80  5.37    -3.76   -17.35  6.31    -11.12  15.28  
-3.17   -18.03  -2.76   -5.60   7.30    -4.73   -3.80   -8.36   1.75    7.48   
4.67    15.80   -9.33   9.99    8.20    6.30    5.69    -13.26  -0.80   9.10   
-14.87  0.29    7.08    5.55    -5.95   -19.36  -3.55   -20.94  -1.38   3.20   
25.82   -5.53   10.79   -6.35   5.60    -3.63   1.38    -0.12   22.33   1.07   
3.10    -2.76   -1.31   -9.74   3.50    -22.58  -5.72   -0.56   -1.81   -5.26  
5.02    0.78    4.30    1.09    16.39   -11.96  -6.87   -7.93   7.48    11.00  
-2.42   -0.45   1.96    20.71   1.77    -11.65  -15.35  -13.17  16.89   -3.93  
6.27    -15.97  -13.14  -7.41   -1.08   -15.24  -1.13   8.84    3.64    11.28  
-7.34   -5.22   4.77    -3.03   6.12    2.59    -6.64   13.28   1.73    -6.12  
11.71   10.38   3.41    0.42    13.50   -1.60   1.89    -7.20   6.42    1.79   
6.08    -1.54   -7.34   8.95    11.67   -4.93   2.78    -10.16  4.07    10.35  
11.96   -21.69  4.78    -7.48   -1.20   -4.02   -11.27  -1.81   10.28   -11.09 
-3.60   3.65    7.64    4.50    -0.54   -1.60   1.46    -6.11   -3.07   1.72   
-3.51   -5.99   2.47    -3.67   -7.38   7.28    -8.39   12.82   -4.97   14.86  
16.64   2.78    6.90    9.07    -8.14   -7.06   -1.72   4.05    7.81    -3.55  
-5.67   -2.50   -2.18   -3.27   3.66    0.41    -4.88   -5.14   -9.51   0.33   
8.42    -7.09   7.63    -10.51  5.71    8.35    -9.11   1.95    -9.73   -4.76  
16.27   -2.48   -10.86  13.46   6.75    -10.91  16.49   -6.03   2.02    13.78  
-6.07   0.71    -5.11   10.10   5.27    -1.75   -2.96   -0.06   12.50   5.38   
25.07   -4.51   -8.49   0.87    2.36    -21.22  2.67    -1.18   -11.18  6.39   
1.93    3.40    -5.68   10.31   -19.02  -26.34  -4.45   -8.32   16.54   -2.76  
-6.21   5.67    -2.43   -2.03   -9.44   -5.83   0.59    -20.50  18.50   6.61   
9.80    8.91    -7.56   5.74    -0.92   -7.25   4.35    -7.70   10.49   3.06   
-3.26   -17.04  14.08   -4.30   -7.60   -21.20  0.39    17.10   -1.25   -5.60  
-5.55   6.42    4.30    17.23   -7.39   6.14    6.38    -4.98   6.55    4.37   
6.05    6.79    3.07    1.43    6.31    -8.69   -9.02   2.16    8.24    11.33  
11.53   -2.92   -10.63  12.34   10.83   -0.86   -6.52   2.99    12.79   -2.33  
12.69   -3.37   -5.75   -14.39  -7.06   -4.31   -13.90  1.46    12.04   -1.25  
0.99    -1.51   0.09    2.09    3.43    2.78    1.73    -2.39   2.35    -3.47  
1.57    -8.32   -7.96   -8.63   -15.68  6.30    -7.87   5.80    3.79    2.80   
10.41   5.72    -4.99   7.58    0.35    -19.83  -8.10   2.97    6.91    2.01   
7.45    -3.18   0.47    -3.41   6.66    12.13   15.99   0.86    9.59    3.34   
18.11   -26.04  0.90    3.11    -13.39  6.21    -10.18  1.07    7.63    -2.04  
-7.09   8.37    -5.70   6.23    -13.50  12.32   -2.13   -13.53  14.44   2.95   
0.78    -0.84   -2.66   2.91    5.11    -0.57   3.22    -4.20   -4.71   -1.56  
-10.11  -1.57   3.39    0.76    -3.74   -5.83   -16.70  -13.65  -2.25   0.32   
4.87    1.96    -5.94   10.60   4.56    -3.83   -1.11   -9.56   -9.57   8.35   
3.39    17.45   -5.93   -4.84   0.29    -12.62  -0.16   2.72    7.23    -1.00  
1.30    1.52    1.24    -3.15   -3.52   -13.28  7.02    -5.09   9.67    2.10   
5.23    -1.88   3.27    15.69   3.01    -0.35   9.62    -7.77   -7.97   3.71   
2.67    2.45    -0.02   1.03    4.49    -6.80   0.65    -6.72   -2.35   -1.65  
23.10   -13.41  -2.29   0.71    -5.70   0.63    -7.35   19.97   -2.92   -1.74  
14.56   -3.43   12.08   -11.73  15.11   0.36    -19.33  -4.46   1.63    10.62  
11.33   -8.10   -6.77   -7.90   8.87    -5.70   7.49    -5.70   4.71    7.20   
14.69   -14.52  -3.28   0.61    12.74   9.11    -9.56   6.82    -17.57  -16.64 
21.16   2.89    11.29   -15.89  14.66   -6.99   -2.44   13.06   11.63   4.45   
4.30    3.59    -3.71   8.96    -11.18  -2.34   4.64    -19.21  16.07   -5.40  
4.50    -18.69  2.58    -3.14   -7.84   1.47    -11.23  -4.85   -12.55  5.31   
9.89    -3.99   -16.16  6.75    -16.32  -2.98   -10.93  -15.34  13.64   -1.66  
0.22    9.02    -15.58  4.64    9.75    -5.50   4.34    11.74   3.78    10.32  
8.50    4.77    5.58    -12.16  -7.22   3.74    10.88   -1.46   18.12   -0.05  
8.80    -11.16  -2.98   6.31    -7.69   -11.34  -12.97  14.75   10.16   4.72   
-1.87   0.11    4.34    -12.53  -11.59  -0.42   -21.21  4.99    20.41   -1.34  
6.78    1.14    -4.81   3.18    -2.08   -1.06   -0.53   -0.27   -2.59   -1.20  
-17.47  -2.34   -16.60  -2.24   -11.72  0.41    -11.21  -1.91   -5.45   -5.37  
-10.70  -1.75   -7.21   4.47    -5.89   2.18    -13.92  -21.17  10.95   -3.84  
11.08   10.12   3.66    3.74    1.52    -10.20  -15.06  -3.35   15.75   6.48   
3.58    -1.74   6.97    -4.60   5.60    -26.84  -3.22   2.07    0.63    5.94   
4.14    -0.67   -7.33   -0.16   7.93    -1.17   1.05    -4.25   -11.50  1.82   
1.60    -3.56   -18.30  9.82    -3.80   -10.65  -16.82  4.81    3.34    -4.57  
2.63    -0.79   -2.95   1.50    0.21    -0.31   -0.49   -4.48   -0.14   -1.41  
13.42   1.95    0.56    3.42    6.21    1.28    8.79    5.77    -5.17   11.42  
12.36   0.09    -19.76  -0.89   20.29   1.42    -2.32   17.32   9.44    2.97   
-10.76  -5.38   6.16    4.08    -4.43   0.20    -8.99   -11.08  -7.02   -18.60 
13.03   2.21    -10.60  -10.54  0.86    5.47    -4.67   16.54   -0.37   2.60   
8.38    -12.46  -4.24   -2.85   -3.28   -9.16   3.22    12.64   12.55   4.15   
13.93   -14.28  10.78   -8.59   10.54   9.00    7.77    3.69    -10.27  13.32  
-4.32   -0.80   -8.29   12.99   5.86    -11.61  -1.72   0.16    15.86   0.65   
